%YAML:1.0
calibration_time: "Fri 11 Nov 2011 02:49:12 AM EST"
nframes: 21
image_width: 320
image_height: 240
board_width: 8
board_height: 6
square_size: 3.
flags: 0
M1: !!opencv-matrix
   rows: 3
   cols: 3
   dt: d
   data: [ 4.3633696015571155e+02, 0., 1.6334729495146942e+02, 0.,
       4.3633696015571155e+02, 1.1769010853103548e+02, 0., 0., 1. ]
D1: !!opencv-matrix
   rows: 8
   cols: 1
   dt: d
   data: [ 1.0339122597835383e-01, -1.1499281132996404e+00, 0., 0., 0.,
       0., 0., -3.8478084501720264e+00 ]
M2: !!opencv-matrix
   rows: 3
   cols: 3
   dt: d
   data: [ 4.3633696015571155e+02, 0., 1.6359117717244519e+02, 0.,
       4.3633696015571155e+02, 1.1866812895969886e+02, 0., 0., 1. ]
D2: !!opencv-matrix
   rows: 8
   cols: 1
   dt: d
   data: [ -1.0031548894142731e-01, 2.2027659763629446e+00, 0., 0., 0.,
       0., 0., 8.3835097010814614e+00 ]
Valid_ROI_Left: [ 23, 14, 286, 209 ]
Valid_ROI_Right: [ 14, 11, 289, 211 ]
avg_reprojection_error: 8.7046088112725151e-01
rmsErr: 5.3260995383821064e-01
R: !!opencv-matrix
   rows: 3
   cols: 3
   dt: d
   data: [ 9.9988407145914837e-01, -4.8945588383310238e-04,
       1.5218543794153883e-02, 4.6052165320770427e-04,
       9.9999808002726287e-01, 1.9046946198542504e-03,
       -1.5219446838953290e-02, -1.8974653424387075e-03,
       9.9988237711402361e-01 ]
T: !!opencv-matrix
   rows: 3
   cols: 1
   dt: d
   data: [ -6.5334486193792376e+00, -2.6645520199279832e-01,
       4.4159185588416960e-01 ]
R1: !!opencv-matrix
   rows: 3
   cols: 3
   dt: d
   data: [ 9.9782732475764935e-01, 4.0296593073596690e-02,
       -5.2123071222381932e-02, -4.0254706059847323e-02,
       9.9918773149787032e-01, 1.8536084200541010e-03,
       5.2155427397614432e-02, 2.4861778006263636e-04,
       9.9863894856057545e-01 ]
R2: !!opencv-matrix
   rows: 3
   cols: 3
   dt: d
   data: [ 9.9689868744520638e-01, 4.0656758261122194e-02,
       -6.7379781668695946e-02, -4.0710888483829005e-02,
       9.9917080547886750e-01, 5.7012066107084100e-04,
       6.7347089980797983e-02, 2.1747382388721125e-03,
       9.9772723726713541e-01 ]
P1: !!opencv-matrix
   rows: 3
   cols: 4
   dt: d
   data: [ 4.0437330518351860e+02, 0., 1.9242812824249268e+02, 0., 0.,
       4.0437330518351860e+02, 1.1742764091491699e+02, 0., 0., 0., 1.,
       0. ]
P2: !!opencv-matrix
   rows: 3
   cols: 4
   dt: d
   data: [ 4.0437330518351860e+02, 0., 1.9242812824249268e+02,
       -2.6501712217474364e+03, 0., 4.0437330518351860e+02,
       1.1742764091491699e+02, 0., 0., 0., 1., 0. ]
Q: !!opencv-matrix
   rows: 4
   cols: 4
   dt: d
   data: [ 1., 0., 0., -1.9242812824249268e+02, 0., 1., 0.,
       -1.1742764091491699e+02, 0., 0., 0., 4.0437330518351860e+02, 0.,
       0., -1.5258384132512318e-01, 0. ]
image_points_left: !!opencv-matrix
   rows: 21
   cols: 48
   dt: "2f"
   data: [ 7.86732025e+01, 7.07020035e+01, 8.99451675e+01,
       6.87572784e+01, 1.01630730e+02, 6.67819748e+01, 1.13808800e+02,
       6.46906433e+01, 1.25649551e+02, 6.26241074e+01, 1.38462952e+02,
       6.04217949e+01, 1.50632156e+02, 5.82718620e+01, 1.63467178e+02,
       5.59980621e+01, 7.71926346e+01, 8.12176971e+01, 8.86357117e+01,
       7.93664627e+01, 1.01060631e+02, 7.72156219e+01, 1.12761909e+02,
       7.54489594e+01, 1.25427284e+02, 7.31199341e+01, 1.37774155e+02,
       7.09447327e+01, 1.50513351e+02, 6.88979187e+01, 1.63444626e+02,
       6.67250137e+01, 7.56877823e+01, 9.18605881e+01, 8.77653122e+01,
       9.00254517e+01, 9.96806641e+01, 8.83470383e+01, 1.12306633e+02,
       8.61358795e+01, 1.24563370e+02, 8.40960312e+01, 1.37465118e+02,
       8.19180984e+01, 1.50340607e+02, 7.99932175e+01, 1.63418137e+02,
       7.79680557e+01, 7.42378616e+01, 1.03005630e+02, 8.67042007e+01,
       1.01346230e+02, 9.89069061e+01, 9.92767715e+01, 1.11526169e+02,
       9.74286957e+01, 1.24228455e+02, 9.52495346e+01, 1.37016388e+02,
       9.34073181e+01, 1.50155609e+02, 9.12670670e+01, 1.63414505e+02,
       8.93562775e+01, 7.27859955e+01, 1.14445572e+02, 8.53738022e+01,
       1.12692406e+02, 9.78076859e+01, 1.10811310e+02, 1.10621941e+02,
       1.09137611e+02, 1.23520927e+02, 1.07093086e+02, 1.36602707e+02,
       1.04979149e+02, 1.49748627e+02, 1.03106468e+02, 1.63368713e+02,
       1.01077255e+02, 7.14785690e+01, 1.26125046e+02, 8.36757050e+01,
       1.24391884e+02, 9.66295319e+01, 1.22730598e+02, 1.09521645e+02,
       1.20685791e+02, 1.22551285e+02, 1.19070686e+02, 1.36012268e+02,
       1.17347641e+02, 1.49585022e+02, 1.15100319e+02, 1.63348007e+02,
       1.13338875e+02, 1.39751663e+02, 4.27304306e+01, 1.52499069e+02,
       4.12042656e+01, 1.65414246e+02, 4.01658325e+01, 1.78399948e+02,
       3.88723869e+01, 1.91423370e+02, 3.74988174e+01, 2.04728561e+02,
       3.64099808e+01, 2.17964233e+02, 3.52822609e+01, 2.31340607e+02,
       3.36650314e+01, 1.39346695e+02, 5.27865372e+01, 1.52224457e+02,
       5.17284508e+01, 1.65449570e+02, 5.04382935e+01, 1.78522461e+02,
       4.92262917e+01, 1.91929810e+02, 4.79764709e+01, 2.05244827e+02,
       4.65859833e+01, 2.18895569e+02, 4.52340546e+01, 2.32344254e+02,
       4.39794159e+01, 1.38702896e+02, 6.36119308e+01, 1.51971161e+02,
       6.19732246e+01, 1.65395584e+02, 6.07142715e+01, 1.78733902e+02,
       5.97379799e+01, 1.92206390e+02, 5.84393196e+01, 2.06005798e+02,
       5.69762268e+01, 2.19483246e+02, 5.60472755e+01, 2.33447266e+02,
       5.47292671e+01, 1.38393539e+02, 7.42372894e+01, 1.51563461e+02,
       7.29188766e+01, 1.65398468e+02, 7.16976852e+01, 1.78977921e+02,
       7.05914841e+01, 1.92520340e+02, 6.94604492e+01, 2.06446487e+02,
       6.83669739e+01, 2.20462463e+02, 6.68016281e+01, 2.34669266e+02,
       6.55735397e+01, 1.37908340e+02, 8.52589340e+01, 1.51451096e+02,
       8.42766724e+01, 1.65339447e+02, 8.27690430e+01, 1.79234940e+02,
       8.18429337e+01, 1.93077789e+02, 8.05889740e+01, 2.07208099e+02,
       7.94894485e+01, 2.21421387e+02, 7.83298340e+01, 2.35599289e+02,
       7.70789185e+01, 1.37398895e+02, 9.67322540e+01, 1.51318695e+02,
       9.57950974e+01, 1.65206955e+02, 9.45284729e+01, 1.79361053e+02,
       9.35295029e+01, 1.93552612e+02, 9.23589020e+01, 2.07776611e+02,
       9.12106323e+01, 2.22426544e+02, 8.98987122e+01, 2.37120224e+02,
       8.89046326e+01, 1.49190399e+02, 8.14412003e+01, 1.64840469e+02,
       8.05235367e+01, 1.80789917e+02, 7.96708374e+01, 1.97020477e+02,
       7.88846970e+01, 2.13392181e+02, 7.82107849e+01, 2.29638962e+02,
       7.74157944e+01, 2.46439651e+02, 7.65462418e+01, 2.63215729e+02,
       7.56796875e+01, 1.49502441e+02, 9.71181259e+01, 1.65287827e+02,
       9.64797440e+01, 1.81369812e+02, 9.56333847e+01, 1.97529480e+02,
       9.49231339e+01, 2.13751633e+02, 9.42083893e+01, 2.30495605e+02,
       9.35537949e+01, 2.47236679e+02, 9.26676331e+01, 2.64000916e+02,
       9.18232346e+01, 1.49672821e+02, 1.12965897e+02, 1.65582199e+02,
       1.12377419e+02, 1.81764664e+02, 1.11618462e+02, 1.98094910e+02,
       1.11175301e+02, 2.14502213e+02, 1.10414787e+02, 2.31197067e+02,
       1.09682434e+02, 2.47957413e+02, 1.09097359e+02, 2.64769806e+02,
       1.08449829e+02, 1.49833313e+02, 1.29058014e+02, 1.65897247e+02,
       1.28441742e+02, 1.82305557e+02, 1.27779739e+02, 1.98571854e+02,
       1.27400360e+02, 2.15028564e+02, 1.26640968e+02, 2.31772934e+02,
       1.26137466e+02, 2.48538467e+02, 1.25534653e+02, 2.65605560e+02,
       1.24791466e+02, 1.50271500e+02, 1.45270508e+02, 1.66416840e+02,
       1.44606491e+02, 1.82593399e+02, 1.44151932e+02, 1.98965607e+02,
       1.43646500e+02, 2.15607803e+02, 1.43206970e+02, 2.32436661e+02,
       1.42546249e+02, 2.49349640e+02, 1.42263687e+02, 2.66318756e+02,
       1.41695114e+02, 1.50456207e+02, 1.61562790e+02, 1.66570724e+02,
       1.61128235e+02, 1.82790833e+02, 1.60583420e+02, 1.99478821e+02,
       1.60357132e+02, 2.16263153e+02, 1.59853867e+02, 2.33017273e+02,
       1.59423416e+02, 2.50168839e+02, 1.58936722e+02, 2.67345978e+02,
       1.58498856e+02, 1.30582947e+02, 9.93064194e+01, 1.46562378e+02,
