%YAML:1.0
calibration_time: "07/01/11 10:42:06"
nframes: 22
image_width: 640
image_height: 480
board_width: 9
board_height: 6
square_size: 2.5000000000000000e+000
flags: 0
M1: !!opencv-matrix
   rows: 3
   cols: 3
   dt: d
   data: [ 8.7127535143167859e+002, 0., 3.4743500691897202e+002, 0.,
       8.7127535143167859e+002, 2.4169833738885822e+002, 0., 0., 1. ]
D1: !!opencv-matrix
   rows: 8
   cols: 1
   dt: d
   data: [ -1.0700064382253142e-001, -1.3038194849488491e+000, 0., 0.,
       0., 0., 0., -7.3092156091100478e+000 ]
M2: !!opencv-matrix
   rows: 3
   cols: 3
   dt: d
   data: [ 8.7127535143167859e+002, 0., 3.4149425355561544e+002, 0.,
       8.7127535143167859e+002, 2.4762474489477614e+002, 0., 0., 1. ]
D2: !!opencv-matrix
   rows: 8
   cols: 1
   dt: d
   data: [ -1.1834065999474423e-001, -2.6747109631955679e-001, 0., 0.,
       0., 0., 0., -6.1204019673196186e-001 ]
Valid_ROI_Left: [ 36, 76, 528, 378 ]
Valid_ROI_Right: [ 40, 30, 538, 389 ]
avg_reprojection_error: 1.9592276848842836e+000
rmsErr: 1.5918780124536291e+000
R: !!opencv-matrix
   rows: 3
   cols: 3
   dt: d
   data: [ 9.9998052383492952e-001, -3.0841836878214876e-003,
       -5.4258420360006653e-003, 3.3466110418783747e-003,
       9.9879114339785446e-001, 4.9041330166921242e-002,
       5.2680305005033653e-003, -4.9058533212748799e-002,
       9.9878201233985964e-001 ]
T: !!opencv-matrix
   rows: 3
   cols: 1
   dt: d
   data: [ -5.6271464587776947e+000, -1.0512259758571316e-001,
       -6.9577743973596662e-001 ]
R1: !!opencv-matrix
   rows: 3
   cols: 3
   dt: d
   data: [ 9.9296083544041414e-001, 9.4351614609662158e-003,
       1.1806674811173717e-001, -1.2319305137319827e-002,
       9.9964268326373829e-001, 2.3722152478367248e-002,
       -1.1780073854780583e-001, -2.5009668639924008e-002,
       9.9272226854851642e-001 ]
R2: !!opencv-matrix
   rows: 3
   cols: 3
   dt: d
   data: [ 9.9227178507524616e-001, 1.8536959775662214e-002,
       1.2269101705446925e-001, -1.5530859513973184e-002,
       9.9955639659564932e-001, -2.5412643063608784e-002,
       -1.2310766404388403e-001, 2.3310751746707707e-002,
       9.9211950485143752e-001 ]
P1: !!opencv-matrix
   rows: 3
   cols: 4
   dt: d
   data: [ 7.1276305280364681e+002, 0., 2.2639357566833496e+002, 0., 0.,
       7.1276305280364681e+002, 2.4535815429687500e+002, 0., 0., 0., 1.,
       0. ]
P2: !!opencv-matrix
   rows: 3
   cols: 4
   dt: d
   data: [ 7.1276305280364681e+002, 0., 2.2639357566833496e+002,
       -4.0420599969266200e+003, 0., 7.1276305280364681e+002,
       2.4535815429687500e+002, 0., 0., 0., 1., 0. ]
Q: !!opencv-matrix
   rows: 4
   cols: 4
   dt: d
   data: [ 1., 0., 0., -2.2639357566833496e+002, 0., 1., 0.,
       -2.4535815429687500e+002, 0., 0., 0., 7.1276305280364681e+002, 0.,
       0., -1.7633658415401954e-001, 0. ]
image_points_left: !!opencv-matrix
   rows: 22
   cols: 54
   dt: "2f"
   data: [ 6.11404785e+002, 2.57932343e+002, 5.70892334e+002,
       2.54819077e+002, 5.30107910e+002, 2.51563324e+002,
       4.90110382e+002, 2.48514740e+002, 4.50734283e+002,
       2.45512299e+002, 4.12002563e+002, 2.42683685e+002,
       3.73102112e+002, 2.39614929e+002, 3.35482086e+002,
       2.36927155e+002, 2.97994293e+002, 2.34423630e+002,
       6.12810730e+002, 2.19719681e+002, 5.72282227e+002,
       2.16338470e+002, 5.32455811e+002, 2.13695480e+002,
       4.92470184e+002, 2.10700226e+002, 4.53740723e+002,
       2.08375397e+002, 4.15175690e+002, 2.05496017e+002,
       3.77014893e+002, 2.02893585e+002, 3.39494110e+002,
       2.00445007e+002, 3.02739471e+002, 1.98158112e+002,
       6.14014526e+002, 1.81569702e+002, 5.74119873e+002,
       1.79169022e+002, 5.34317749e+002, 1.76261993e+002,
       4.95132111e+002, 1.74095444e+002, 4.56793396e+002,
       1.71499847e+002, 4.18629486e+002, 1.69329010e+002,
       3.80582947e+002, 1.66736130e+002, 3.43560974e+002,
       1.64427063e+002, 3.07247772e+002, 1.62428421e+002,
       6.15554932e+002, 1.44118835e+002, 5.75610229e+002,
       1.42004242e+002, 5.36458618e+002, 1.39883713e+002,
       4.97512054e+002, 1.37494003e+002, 4.59299377e+002,
       1.35410995e+002, 4.21639679e+002, 1.33170273e+002,
       3.84345428e+002, 1.31204575e+002, 3.47408112e+002,
       1.29041061e+002, 3.11261444e+002, 1.27236778e+002,
       6.16814758e+002, 1.07251686e+002, 5.77444702e+002,
       1.05926239e+002, 5.38683716e+002, 1.03841652e+002,
       4.99954193e+002, 1.02030724e+002, 4.62282410e+002,
       9.98718643e+001, 4.24956299e+002, 9.84227982e+001,
       3.87665314e+002, 9.61970520e+001, 3.51164124e+002,
       9.46488342e+001, 3.15410675e+002, 9.28723526e+001,
       6.18237488e+002, 7.15716171e+001, 5.79418640e+002,
       6.96401749e+001, 5.40605774e+002, 6.83163605e+001,
       5.02328003e+002, 6.67988739e+001, 4.64889435e+002,
       6.54188080e+001, 4.28003754e+002, 6.38083572e+001,
       3.91054199e+002, 6.22001343e+001, 3.54907196e+002,
       6.05741539e+001, 3.19440430e+002, 5.91472626e+001,
       6.11069214e+002, 2.61561707e+002, 5.70413147e+002,
       2.58332916e+002, 5.29705566e+002, 2.54578461e+002,
       4.89593781e+002, 2.51280731e+002, 4.50184174e+002,
       2.47863586e+002, 4.11358276e+002, 2.44843307e+002,
       3.72549774e+002, 2.41551697e+002, 3.34673859e+002,
       2.38581146e+002, 2.97282013e+002, 2.35670883e+002,
       6.12865723e+002, 2.23054810e+002, 5.72157471e+002,
       2.19458664e+002, 5.32114136e+002, 2.16607162e+002,
       4.92277527e+002, 2.13234665e+002, 4.53476563e+002,
       2.10536377e+002, 4.14722778e+002, 2.07480606e+002,
       3.76566650e+002, 2.04610870e+002, 3.38921661e+002,
       2.01741806e+002, 3.02309479e+002, 1.99321991e+002,
       6.14676392e+002, 1.84710526e+002, 5.74313110e+002,
       1.81883728e+002, 5.34366577e+002, 1.78968491e+002,
       4.95132660e+002, 1.76239777e+002, 4.56710358e+002,
       1.73486526e+002, 4.18569000e+002, 1.71173172e+002,
       3.80346008e+002, 1.68249176e+002, 3.43331390e+002,
       1.65744492e+002, 3.06622681e+002, 1.63390915e+002,
       6.16267395e+002, 1.46996521e+002, 5.76278198e+002,
       1.44601486e+002, 5.36819702e+002, 1.42255020e+002,
       4.97771484e+002, 1.39498199e+002, 4.59458191e+002,
       1.37232559e+002, 4.21785065e+002, 1.34623199e+002,
       3.84284058e+002, 1.32367416e+002, 3.47439850e+002,
       1.30256409e+002, 3.11230225e+002, 1.28192276e+002,
       6.17803955e+002, 1.09979988e+002, 5.78270264e+002,
       1.08308464e+002, 5.39102478e+002, 1.06017715e+002,
       5.00488312e+002, 1.03731583e+002, 4.62478241e+002,
       1.01626556e+002, 4.25099121e+002, 9.98422470e+001,
       3.87742554e+002, 9.75057144e+001, 3.51535553e+002,
       9.57287750e+001, 3.15556824e+002, 9.38534546e+001,
       6.19433716e+002, 7.40485153e+001, 5.80534912e+002,
       7.19281845e+001, 5.41517883e+002, 7.04253922e+001,
       5.03258789e+002, 6.85055466e+001, 4.65675079e+002,
       6.69317322e+001, 4.28309265e+002, 6.50445786e+001,
       3.91714142e+002, 6.32276764e+001, 3.55460571e+002,
       6.13743668e+001, 3.19638733e+002, 5.94749413e+001,
       5.82531067e+002, 2.81851440e+002, 5.39729980e+002,
       2.80096924e+002, 4.97235321e+002, 2.78107239e+002,
       4.55393677e+002, 2.76472900e+002, 4.14432892e+002,
       2.74549652e+002, 3.74513519e+002, 2.73194794e+002,
       3.34499664e+002, 2.71396210e+002, 2.95854889e+002,
       2.69769531e+002, 2.57921539e+002, 2.68437836e+002,
       5.83403748e+002, 2.40904465e+002, 5.40507813e+002,
       2.39137833e+002, 4.98594299e+002, 2.37775177e+002,
       4.57143982e+002, 2.36136063e+002, 4.16719940e+002,
       2.34909866e+002, 3.76718140e+002, 2.33456116e+002,
       3.37485229e+002, 2.32260834e+002, 2.99182068e+002,
       2.30891418e+002, 2.61565430e+002, 2.30077423e+002,
       5.84031616e+002, 1.99966644e+002, 5.41815857e+002,
