%YAML:1.0
Dictionary: !!opencv-matrix
   rows: 10
   cols: 128
   dt: f
   data: [ 4.33835275e-002, 3.54954004e-002, 5.69179319e-002,
       8.55110586e-002, 7.46391788e-002, 2.47503538e-002,
       2.20625214e-002, 3.28783393e-002, 1.47745326e-001,
       6.60644174e-002, 5.27263470e-002, 6.02038205e-002,
       4.46513258e-002, 1.74173806e-002, 2.29860544e-002,
       7.56323263e-002, 1.05319664e-001, 5.65727167e-002,
       5.25005311e-002, 5.88623993e-002, 4.64879796e-002,
       2.45196205e-002, 3.24569196e-002, 6.99498504e-002,
       3.01086400e-002, 4.22183275e-002, 6.18961528e-002,
       7.31317252e-002, 4.65324037e-002, 2.47276686e-002,
       2.46343035e-002, 2.53589842e-002, 6.08169474e-002,
       3.86052802e-002, 6.72003105e-002, 1.06175065e-001,
       8.95164683e-002, 3.55276726e-002, 1.81101169e-002,
       2.45747920e-002, 2.33055919e-001, 7.32638538e-002,
       4.09237556e-002, 4.84207384e-002, 3.50442231e-002,
       1.48036936e-002, 1.69486701e-002, 9.41260979e-002,
       1.08833820e-001, 4.18713801e-002, 5.67651838e-002,
       1.30572245e-001, 1.08806051e-001, 3.40910964e-002,
       2.28776466e-002, 4.62442338e-002, 3.66574563e-002,
       5.23166582e-002, 8.48567337e-002, 1.06267467e-001,
       5.02793305e-002, 1.49993738e-002, 1.39772194e-002,
       2.22353209e-002, 6.16334118e-002, 2.34034583e-002,
       2.46971771e-002, 6.00738414e-002, 8.02180767e-002,
       6.55771121e-002, 4.99635115e-002, 4.21643369e-002,
       2.22670943e-001, 1.05422102e-001, 5.09476364e-002,
       4.55337577e-002, 3.09020691e-002, 2.49961670e-002,
       2.73611769e-002, 6.27773628e-002, 5.66424876e-002,
       5.04862778e-002, 9.20344368e-002, 1.73469320e-001,
       1.09088436e-001, 2.06883345e-002, 1.16970334e-002,
       1.65942069e-002, 4.42551449e-002, 4.82777022e-002,
       6.56901076e-002, 7.76713789e-002, 4.02311459e-002,
       1.65059678e-002, 2.05746815e-002, 3.35499197e-002,
       3.98110636e-002, 2.55143717e-002, 2.39566434e-002,
       3.42286043e-002, 5.28559536e-002, 5.17660938e-002,
       4.34054956e-002, 3.65652852e-002, 7.76524171e-002,
       5.19697145e-002, 4.44880575e-002, 4.77221496e-002,
       4.29884344e-002, 3.94540206e-002, 3.50920148e-002,
       4.07327935e-002, 3.02219372e-002, 3.38897109e-002,
       5.46784289e-002, 8.06684867e-002, 6.21175803e-002,
       3.28870304e-002, 2.86777634e-002, 2.70686988e-002,
       3.84003296e-002, 3.40382233e-002, 3.76863852e-002,
       3.90266292e-002, 2.61096135e-002, 2.05611996e-002,
       2.88958475e-002, 3.71394828e-002, -431602080., -431602080.,
       -431602080., -431602080., -431602080., -431602080., -431602080.,
       -431602080., -431602080., -431602080., -431602080., -431602080.,
       -431602080., -431602080., -431602080., -431602080., -431602080.,
       -431602080., -431602080., -431602080., -431602080., -431602080.,
       -431602080., -431602080., -431602080., -431602080., -431602080.,
       -431602080., -431602080., -431602080., -431602080., -431602080.,
       -431602080., -431602080., -431602080., -431602080., -431602080.,
       -431602080., -431602080., -431602080., -431602080., -431602080.,
       -431602080., -431602080., -431602080., -431602080., -431602080.,
       -431602080., -431602080., -431602080., -431602080., -431602080.,
       -431602080., -431602080., -431602080., -431602080., -431602080.,
       -431602080., -431602080., -431602080., -431602080., -431602080.,
       -431602080., -431602080., -431602080., -431602080., -431602080.,
       -431602080., -431602080., -431602080., -431602080., -431602080.,
       -431602080., -431602080., -431602080., -431602080., -431602080.,
       -431602080., -431602080., -431602080., -431602080., -431602080.,
       -431602080., -431602080., -431602080., -431602080., -431602080.,
       -431602080., -431602080., -431602080., -431602080., -431602080.,
       -431602080., -431602080., -431602080., -431602080., -431602080.,
       -431602080., -431602080., -431602080., -431602080., -431602080.,
       -431602080., -431602080., -431602080., -431602080., -431602080.,
       -431602080., -431602080., -431602080., -431602080., -431602080.,
       -431602080., -431602080., -431602080., -431602080., -431602080.,
       -431602080., -431602080., -431602080., -431602080., -431602080.,
       -431602080., -431602080., -431602080., -431602080., -431602080.,
       -431602080., 3.24433222e-002, 2.81450432e-002, 3.61545384e-002,
       6.53201267e-002, 1.02232769e-001, 4.33762036e-002,
       1.99992117e-002, 2.01053768e-002, 1.20762691e-001,
       6.16990104e-002, 4.15695682e-002, 4.34851646e-002,
       4.21957150e-002, 2.51685474e-002, 2.65426952e-002,
       5.45866601e-002, 7.48830959e-002, 4.65132110e-002,
       3.20936665e-002, 3.04301307e-002, 4.71004993e-002,
       4.00872007e-002, 3.43945511e-002, 4.81437407e-002,
       5.08782305e-002, 4.17912044e-002, 2.60429010e-002,
       2.21804399e-002, 3.10972538e-002, 2.82468032e-002,
       2.46291123e-002, 3.04624625e-002, 4.84389998e-002,
       2.53631137e-002, 3.39778326e-002, 9.02217552e-002,
       1.55686378e-001, 6.92968816e-002, 1.79765876e-002,
       1.77552942e-002, 2.27772772e-001, 6.26137406e-002,
       2.67644133e-002, 3.61465365e-002, 4.82599549e-002,
       3.23279686e-002, 3.32708582e-002, 1.00072294e-001,
       1.08349830e-001, 3.52143794e-002, 1.86455119e-002,
       2.94333249e-002, 9.14256647e-002, 9.39738303e-002,
       5.63403778e-002, 6.21984489e-002, 6.20863251e-002,
       4.58628014e-002, 2.63584349e-002, 2.63331886e-002,
       4.44373041e-002, 4.17428277e-002, 3.06635462e-002,
       3.66553329e-002, 5.03767282e-002, 1.69209279e-002,
       1.59306433e-002, 6.45441189e-002, 1.62642196e-001,
       1.01381309e-001, 3.67304273e-002, 2.56515052e-002,
       2.34550834e-001, 9.13217962e-002, 1.68091767e-002,
       2.15143263e-002, 5.12261242e-002, 4.12022583e-002,
       2.96510905e-002, 7.21180141e-002, 1.23206012e-001,
       5.76533712e-002, 3.31211314e-002, 4.62793596e-002,
       9.81413871e-002, 7.27155060e-002, 3.19513679e-002,
       3.95934917e-002, 5.20989820e-002, 3.68571281e-002,
       2.65117027e-002, 2.86869481e-002, 5.22522219e-002,
       5.48593998e-002, 3.87367867e-002, 3.83946449e-002,
       3.74886915e-002, 1.88171379e-002, 1.61377322e-002,
       3.88531163e-002, 1.13369182e-001, 8.10792074e-002,
       4.32401188e-002, 3.46110649e-002, 1.57543808e-001,
       5.30239828e-002, 1.55766681e-002, 1.65749025e-002,
       4.46799546e-002, 4.91316020e-002, 4.81391214e-002,
       8.66067931e-002, 8.88952985e-002, 5.14491387e-002,
       2.88992561e-002, 3.01508661e-002, 5.73998466e-002,
       4.68365327e-002, 3.91142368e-002, 4.88737635e-002,
       3.66553850e-002, 2.86306217e-002, 2.61136703e-002,
       2.87271477e-002, 4.61546071e-002, 4.46494520e-002,
       3.40929106e-002, 3.20937112e-002, 2.11553704e-002,
       1.90226678e-002, 2.32189801e-002, 2.81214695e-002,
       4.04693857e-002, 3.97825316e-002, 3.28475758e-002,
       2.33619697e-002, 9.26869512e-002, 4.04283516e-002,
       2.50362195e-002, 2.38917805e-002, 3.35942358e-002,
       3.53748798e-002, 3.86743881e-002, 6.08564988e-002,
       1.49829805e-001, 3.93395461e-002, 1.59530379e-002,
       1.18253585e-002, 1.72895957e-002, 3.91357131e-002,
       7.76417777e-002, 1.44206166e-001, 4.50695492e-002,
       2.03787778e-002, 1.48077747e-002, 1.29276775e-002,
       2.84262188e-002, 7.36681446e-002, 1.07986994e-001,
       8.58922377e-002, 2.92314235e-002, 1.86676588e-002,
       1.85777303e-002, 2.40282677e-002, 4.69093248e-002,
       5.73057942e-002, 4.52521518e-002, 3.16011794e-002,
       1.50610179e-001, 4.80787307e-002, 2.54805945e-002,
       3.14688012e-002, 6.13204725e-002, 6.11259118e-002,
       3.56681719e-002, 5.01395166e-002, 2.59751737e-001,
