%YAML:1.0
Dictionary: !!opencv-matrix
   rows: 20
   cols: 128
   dt: f
   data: [ 2.60089077e-02, 2.57528443e-02, 3.34866531e-02,
       3.46362554e-02, 4.06180881e-02, 3.50317322e-02, 2.53134593e-02,
       2.01960411e-02, 1.85202360e-01, 9.85923260e-02, 3.06604262e-02,
       1.92163382e-02, 1.99191961e-02, 1.71989445e-02, 1.79822110e-02,
       3.87259610e-02, 2.29550809e-01, 1.02085851e-01, 1.04642846e-02,
       7.43534788e-03, 3.55872773e-02, 2.71348208e-02, 1.66948400e-02,
       5.47730811e-02, 4.19735573e-02, 1.97765715e-02, 1.11729335e-02,
       1.91655960e-02, 7.78426230e-02, 4.86865975e-02, 1.94241833e-02,
       2.17617434e-02, 2.45047342e-02, 1.73492152e-02, 2.39358693e-02,
       2.57635973e-02, 3.98025364e-02, 6.85421526e-02, 7.94275254e-02,
       3.92297320e-02, 1.85225427e-01, 7.52621293e-02, 2.67372672e-02,
       2.01468877e-02, 2.91977469e-02, 6.28341809e-02, 7.42391571e-02,
       5.51866554e-02, 2.67240554e-01, 1.37067914e-01, 9.48183890e-03,
       7.95409642e-03, 3.41546610e-02, 2.27240436e-02, 1.54100601e-02,
       6.30344748e-02, 6.52332380e-02, 2.38031428e-02, 1.17592067e-02,
       2.64284667e-02, 1.02535494e-01, 6.24549389e-02, 1.86932422e-02,
       2.00697388e-02, 2.75283195e-02, 1.58613212e-02, 1.64427310e-02,
       1.32585140e-02, 2.35540234e-02, 6.81767017e-02, 1.34899527e-01,
       7.62908831e-02, 7.73818195e-02, 1.47688184e-02, 1.33926887e-02,
       1.13823507e-02, 2.26607639e-02, 9.43465605e-02, 1.87617123e-01,
       1.36019647e-01, 2.44000778e-01, 4.78918254e-02, 1.23349307e-02,
       1.20131606e-02, 2.76541449e-02, 2.52606794e-02, 7.22072721e-02,
       1.70137361e-01, 6.02052398e-02, 2.62502339e-02, 1.86071936e-02,
       3.42932492e-02, 9.72744972e-02, 4.94434536e-02, 1.39176408e-02,
       2.11975537e-02, 3.21422219e-02, 2.45058089e-02, 2.69939378e-02,
       1.73450708e-02, 1.84658282e-02, 3.04826964e-02, 6.55535161e-02,
       5.23806550e-02, 5.19302860e-02, 3.17460597e-02, 3.41645367e-02,
       2.41297856e-02, 2.33987197e-02, 3.14419679e-02, 6.91924542e-02,
       6.88164011e-02, 1.09922156e-01, 5.23596257e-02, 2.71023065e-02,
       2.04027276e-02, 2.79392004e-02, 1.99624505e-02, 3.02319657e-02,
       5.86044602e-02, 3.84630822e-02, 2.68590301e-02, 1.91326924e-02,
       2.68273633e-02, 6.96083531e-02, 3.15524265e-02, 1.27121201e-02,
       1.63010694e-02, 4.39323224e-02, 4.81918231e-02, 4.91910167e-02,
       5.46306595e-02, 6.10175878e-02, 4.40657884e-02, 3.12338583e-02,
       3.45139168e-02, 9.26027745e-02, 7.64957070e-02, 5.58740720e-02,
       5.03080748e-02, 4.52064015e-02, 3.47448960e-02, 3.86518724e-02,
       6.21674247e-02, 5.84286451e-02, 5.02787828e-02, 5.00832386e-02,
       5.54300621e-02, 5.66371642e-02, 5.17170131e-02, 4.79482189e-02,
       5.28534539e-02, 3.65392007e-02, 4.25816812e-02, 4.70339879e-02,
       5.20429127e-02, 4.89125736e-02, 4.01382968e-02, 3.36119309e-02,
       3.34589258e-02, 5.73460869e-02, 4.65102941e-02, 5.60632423e-02,
       8.99323970e-02, 1.14808291e-01, 6.94589242e-02, 2.93100942e-02,
       2.92296372e-02, 2.20883027e-01, 8.95805880e-02, 4.09552865e-02,
       4.13360037e-02, 4.69425395e-02, 4.23827060e-02, 4.91218120e-02,
       1.19623989e-01, 7.24831372e-02, 3.53049003e-02, 4.32816036e-02,
       9.45663527e-02, 1.33873448e-01, 1.10925786e-01, 6.94638118e-02,
       5.85148744e-02, 4.38435115e-02, 5.59337623e-02, 7.02515021e-02,
       8.34393203e-02, 6.95503578e-02, 4.45636399e-02, 3.20098251e-02,
       3.42942961e-02, 5.82157709e-02, 3.00166551e-02, 2.78885346e-02,
       5.90692833e-02, 1.12836882e-01, 1.00696288e-01, 5.50202802e-02,
       4.74886410e-02, 2.11395413e-01, 1.26842648e-01, 7.21017197e-02,
       5.35961799e-02, 5.14792576e-02, 4.74360473e-02, 3.74539532e-02,
       7.86069706e-02, 5.24077415e-02, 6.15853556e-02, 1.13423072e-01,
       1.74487054e-01, 1.32290080e-01, 5.34443036e-02, 2.52006613e-02,
       2.44795848e-02, 4.64037992e-02, 5.05674109e-02, 6.39099255e-02,
       8.39515328e-02, 6.76797107e-02, 4.49346937e-02, 4.11069877e-02,
       4.37596664e-02, 4.29880247e-02, 3.83722074e-02, 3.63058262e-02,
       4.77216095e-02, 6.30907789e-02, 5.64904474e-02, 4.14920636e-02,
       4.27789502e-02, 5.97061776e-02, 5.44165634e-02, 5.35298325e-02,
       5.70535101e-02, 6.30624965e-02, 5.71168698e-02, 5.00560105e-02,
       5.91408797e-02, 4.28528525e-02, 4.30680439e-02, 6.01876751e-02,
       7.37955868e-02, 6.15093932e-02, 5.61709702e-02, 5.69014065e-02,
       5.14494479e-02, 3.94106172e-02, 3.34664732e-02, 3.63298617e-02,
       4.57050912e-02, 4.37382571e-02, 4.75669764e-02, 5.64950816e-02,
       5.30676320e-02, 3.46358865e-02, 3.72423902e-02, 4.56748269e-02,
       6.20392598e-02, 7.92210177e-02, 4.25164662e-02, 1.72150824e-02,
       1.68583822e-02, 1.08973630e-01, 8.18797350e-02, 6.00409247e-02,
       4.84655313e-02, 3.28912511e-02, 1.73414275e-02, 2.30300073e-02,
       5.42010069e-02, 6.69215769e-02, 6.64065108e-02, 6.68513849e-02,
       3.42108607e-02, 1.99114643e-02, 2.48579346e-02, 4.79733199e-02,
       5.77737354e-02, 2.58589238e-02, 4.16716747e-02, 5.55835702e-02,
       2.98520681e-02, 2.31216494e-02, 3.01995315e-02, 4.41676080e-02,
       3.22311707e-02, 4.66965772e-02, 2.39765123e-02, 2.96900384e-02,
       6.05263077e-02, 1.36979967e-01, 9.31962579e-02, 2.65873112e-02,
       2.20202543e-02, 2.18363255e-01, 5.50492704e-02, 2.48411428e-02,
       2.63394658e-02, 3.90410833e-02, 3.07323467e-02, 5.98610751e-02,
       1.60250589e-01, 8.68817195e-02, 3.38114277e-02, 2.65172161e-02,
       2.27259509e-02, 3.11625879e-02, 8.19511786e-02, 1.41045451e-01,
       1.14032179e-01, 2.85360366e-02, 3.27561609e-02, 3.37309800e-02,
       2.77041364e-02, 3.16929519e-02, 6.51519001e-02, 9.77435410e-02,
       5.02845906e-02, 4.77430709e-02, 2.32738703e-02, 1.74652208e-02,
       4.41182107e-02, 1.57128498e-01, 1.10867336e-01, 2.43809652e-02,
       1.84422769e-02, 2.33409613e-01, 1.50533810e-01, 2.38394924e-02,
       1.61994863e-02, 5.27964160e-02, 3.98925208e-02, 1.77537389e-02,
       5.55016398e-02, 1.29008725e-01, 1.06580742e-01, 6.01106174e-02,
       4.68749739e-02, 3.89849655e-02, 4.97230887e-02, 4.78860810e-02,
       3.99646647e-02, 2.84544621e-02, 3.35620157e-02, 4.58771251e-02,
       5.50301783e-02, 4.70640920e-02, 5.63233756e-02, 5.50757721e-02,
       2.97606289e-02, 2.63774842e-02, 2.53911056e-02, 2.02544667e-02,
       3.65069844e-02, 1.24518439e-01, 8.61435384e-02, 1.94709674e-02,
       1.44631173e-02, 1.40545651e-01, 1.25768811e-01, 3.22374552e-02,
       1.98168065e-02, 6.39930069e-02, 5.67574315e-02, 1.92472525e-02,
       3.11209448e-02, 1.04802087e-01, 1.40183643e-01, 7.70231113e-02,
       3.99927236e-02, 2.16022506e-02, 1.73953474e-02, 1.53760575e-02,
       2.29558609e-02, 2.83735078e-02, 4.76618595e-02, 6.42995611e-02,
       5.83988056e-02, 3.51695269e-02, 2.24615131e-02, 1.80892963e-02,
       1.99942403e-02, 5.02600893e-02, 6.68271631e-02, 6.73677623e-02,
       5.15846536e-02, 3.94794047e-02, 3.12266275e-02, 2.75100656e-02,
       3.18666734e-02, 8.45771283e-02, 8.79463255e-02, 6.60207868e-02,
       4.95734140e-02, 3.93518619e-02, 3.48517783e-02, 3.72275859e-02,
       4.72304299e-02, 6.22345842e-02, 5.53739481e-02, 4.76934649e-02,
       4.67056297e-02, 4.93213385e-02, 5.04858047e-02, 4.98772897e-02,
       5.21827862e-02, 4.59907092e-02, 4.05283496e-02, 3.41076069e-02,
       3.07871271e-02, 3.58575583e-02, 4.36081998e-02, 4.43313122e-02,
       4.55878340e-02, 6.19834550e-02, 6.38026595e-02, 7.41420016e-02,
       7.09525123e-02, 6.21527955e-02, 5.98195083e-02, 4.13248241e-02,
       3.52111608e-02, 1.95136413e-01, 1.04099005e-01, 5.38851358e-02,
       3.63343284e-02, 3.15617248e-02, 4.44132946e-02, 5.54871857e-02,
       9.90560353e-02, 1.11109927e-01, 5.15440144e-02, 2.99146548e-02,
       3.78146768e-02, 6.87128082e-02, 9.92919058e-02, 8.94236341e-02,
       8.06893930e-02, 5.99439889e-02, 4.19058725e-02, 3.10599804e-02,
