%YAML:1.0
Dictionary: !!opencv-matrix
   rows: 15
   cols: 128
   dt: f
   data: [ 4.00783382e-02, 2.96249408e-02, 2.17821896e-02,
       4.60429452e-02, 1.15376398e-01, 3.25823724e-02, 1.15301833e-02,
       1.51744401e-02, 1.96690932e-01, 7.51600713e-02, 1.91992894e-02,
       2.32404638e-02, 5.43655902e-02, 1.81712788e-02, 1.31597258e-02,
       5.21952882e-02, 7.62916207e-02, 2.53870636e-02, 1.43838199e-02,
       5.21072969e-02, 1.59797639e-01, 5.46223037e-02, 1.91179514e-02,
       3.02237440e-02, 3.21118645e-02, 1.68080255e-02, 1.39788603e-02,
       5.41130379e-02, 1.61033586e-01, 5.21188639e-02, 1.08972630e-02,
       1.23928860e-02, 4.89879139e-02, 2.29946896e-02, 1.92593895e-02,
       5.65798767e-02, 1.49768457e-01, 5.04163653e-02, 1.27210198e-02,
       1.60427205e-02, 2.42899448e-01, 6.68383762e-02, 1.40644405e-02,
       2.43740622e-02, 6.74440339e-02, 2.22298540e-02, 1.06354114e-02,
       6.91999793e-02, 9.99588743e-02, 2.32575126e-02, 1.54421190e-02,
       8.25836286e-02, 1.98784590e-01, 6.02437481e-02, 1.45487888e-02,
       2.70443801e-02, 4.00042571e-02, 1.78296678e-02, 1.63265094e-02,
       7.02957660e-02, 1.81470588e-01, 5.56005724e-02, 1.24504576e-02,
       1.72160994e-02, 4.36080061e-02, 1.68118328e-02, 1.42444503e-02,
       4.40410748e-02, 1.31875947e-01, 6.13793619e-02, 3.00699696e-02,
       2.73456760e-02, 2.32275382e-01, 7.65070543e-02, 2.77719852e-02,
       2.90779453e-02, 5.83894812e-02, 2.86320653e-02, 2.39054356e-02,
       6.74426779e-02, 7.70491138e-02, 3.50357778e-02, 4.02356088e-02,
       1.02756426e-01, 1.80294752e-01, 4.65031229e-02, 1.34392958e-02,
       1.96960960e-02, 3.96477208e-02, 1.89170856e-02, 1.69007909e-02,
       6.25051409e-02, 1.60681024e-01, 5.60971685e-02, 1.86376385e-02,
       2.18934156e-02, 3.26697417e-02, 1.93280336e-02, 1.82266887e-02,
       2.97251698e-02, 8.17224756e-02, 3.97115052e-02, 3.13151665e-02,
       3.03858183e-02, 1.17826000e-01, 4.39581126e-02, 2.73717623e-02,
       2.65823267e-02, 4.69739139e-02, 3.04543208e-02, 3.35660838e-02,
       5.96071593e-02, 4.36430536e-02, 2.90828124e-02, 3.20364535e-02,
       5.84738962e-02, 1.13073677e-01, 4.08795998e-02, 2.39851903e-02,
       2.49970257e-02, 3.17524374e-02, 1.50608495e-02, 1.55728841e-02,
       4.56355177e-02, 1.20221399e-01, 4.44628000e-02, 2.17868499e-02,
       2.30291542e-02, 9.72286090e-02, 7.44293332e-02, 4.13983427e-02,
       2.54745279e-02, 2.26228554e-02, 1.86384823e-02, 1.68627072e-02,
       3.80393565e-02, 1.38334394e-01, 1.26973182e-01, 4.68875170e-02,
       2.35160198e-02, 2.81951372e-02, 2.04260517e-02, 1.78388823e-02,
       3.83932367e-02, 1.56262696e-01, 1.18842840e-01, 2.77279653e-02,
       1.29531631e-02, 1.30048161e-02, 1.37408953e-02, 1.45789720e-02,
       3.53203565e-02, 4.50159684e-02, 3.12511995e-02, 1.56801492e-02,
       1.35852899e-02, 1.92357600e-02, 2.05517765e-02, 1.59280561e-02,
       2.13188548e-02, 1.08778358e-01, 7.57149160e-02, 4.57187891e-02,
       3.31414491e-02, 2.76595671e-02, 2.57127676e-02, 2.70189904e-02,
       5.06278165e-02, 1.54818043e-01, 1.26243830e-01, 7.77405202e-02,
       6.56027570e-02, 5.08176610e-02, 2.97783073e-02, 2.15888359e-02,
       4.04763073e-02, 2.45144695e-01, 1.61715776e-01, 3.72949652e-02,
       1.68930758e-02, 1.07164569e-02, 9.54039395e-03, 1.10882930e-02,
       4.74613868e-02, 7.75433406e-02, 3.75298783e-02, 1.64649449e-02,
       1.73795819e-02, 2.17860900e-02, 2.06427108e-02, 1.69326309e-02,
       2.67420430e-02, 9.22945812e-02, 5.73020205e-02, 3.87962461e-02,
       3.84432860e-02, 3.14936973e-02, 3.05230059e-02, 4.05925736e-02,
       6.10180609e-02, 1.68705866e-01, 5.18352464e-02, 3.64295766e-02,
       5.09605967e-02, 4.90047485e-02, 3.71502638e-02, 5.35086393e-02,
       1.12467259e-01, 2.44527787e-01, 5.31613976e-02, 1.57821961e-02,
       1.30770169e-02, 1.00630121e-02, 1.06083825e-02, 2.59533022e-02,
       1.49967253e-01, 7.62249753e-02, 3.12209968e-02, 2.07607429e-02,
       2.43211463e-02, 2.22764574e-02, 1.52823450e-02, 1.37465969e-02,
       3.06977332e-02, 6.99398443e-02, 3.85201313e-02, 2.18080226e-02,
       2.73435414e-02, 2.99110040e-02, 3.06052696e-02, 4.31149416e-02,
       5.86486496e-02, 1.48792282e-01, 4.94318791e-02, 1.96401067e-02,
       2.08630376e-02, 2.25680806e-02, 1.90187488e-02, 4.10480089e-02,
       1.14046499e-01, 1.68554127e-01, 5.01751788e-02, 1.95009410e-02,
       1.44961532e-02, 1.01660509e-02, 8.65843706e-03, 1.98042914e-02,
       1.02378935e-01, 4.63413298e-02, 2.72887349e-02, 2.10476033e-02,
       2.27423292e-02, 1.84560884e-02, 1.09930383e-02, 1.20293889e-02,
       2.49082986e-02, 4.13269624e-02, 2.60728132e-02, 2.21272986e-02,
       2.73784846e-02, 2.44641490e-02, 1.81094334e-02, 2.64526587e-02,
       4.35550548e-02, 1.15374364e-01, 3.92266996e-02, 2.06626300e-02,
       1.66026466e-02, 1.32210236e-02, 1.55490190e-02, 4.67105135e-02,
       1.27601981e-01, 1.25357196e-01, 4.48598862e-02, 1.86435599e-02,
       1.13524506e-02, 1.18231513e-02, 2.22070459e-02, 6.85727522e-02,
       1.44243315e-01, 7.48873129e-02, 3.55166420e-02, 1.66750252e-02,
       1.34934066e-02, 1.82678532e-02, 3.01188659e-02, 5.45388013e-02,
       7.35193491e-02, 7.91245550e-02, 2.95921154e-02, 2.09076330e-02,
       2.46113967e-02, 2.77904421e-02, 2.51205433e-02, 2.77473107e-02,
       5.21304384e-02, 2.31868997e-01, 4.55027893e-02, 1.22231245e-02,
       9.24832933e-03, 8.83041136e-03, 1.92596782e-02, 6.43311739e-02,
       1.94037661e-01, 1.41949490e-01, 3.86387929e-02, 1.39743816e-02,
       1.44655602e-02, 2.77288221e-02, 7.02083334e-02, 1.17625363e-01,
       1.54367834e-01, 7.71856606e-02, 3.99048477e-02, 1.99611671e-02,
       1.97798181e-02, 2.86610629e-02, 4.75226976e-02, 6.42283559e-02,
       6.69762790e-02, 8.30133632e-02, 3.25606093e-02, 1.50761604e-02,
       1.91333368e-02, 3.09623871e-02, 3.33287567e-02, 2.86777914e-02,
       3.94839235e-02, 2.39879444e-01, 1.52668074e-01, 1.76051129e-02,
       8.55288934e-03, 1.00776823e-02, 1.56018110e-02, 2.29019355e-02,
       6.43924102e-02, 1.79124400e-01, 1.11318678e-01, 3.80396396e-02,
       2.50342600e-02, 3.56207155e-02, 5.26660196e-02, 4.46413793e-02,
       5.51722161e-02, 6.40424788e-02, 4.51055728e-02, 2.70355772e-02,
       2.54003275e-02, 3.64062116e-02, 5.09938784e-02, 4.43869904e-02,
       3.91672663e-02, 5.09548672e-02, 2.51414869e-02, 1.02996342e-02,
       1.18441600e-02, 2.77964473e-02, 3.21766213e-02, 2.81344745e-02,
       3.69379707e-02, 1.75729126e-01, 1.07908949e-01, 1.33927185e-02,
       6.31324202e-03, 1.28635690e-02, 1.86351687e-02, 2.35720109e-02,
       5.67705743e-02, 1.59399539e-01, 1.18952878e-01, 3.21636647e-02,
       1.46107962e-02, 1.87558997e-02, 1.80919468e-02, 1.85159482e-02,
       4.64817695e-02, 5.08300476e-02, 4.70386483e-02, 3.36599313e-02,
       2.85001602e-02, 3.15972865e-02, 2.91470531e-02, 2.08891667e-02,
       2.71301381e-02, 3.99815105e-02, 4.07402031e-02, 4.56471704e-02,
       4.07114364e-02, 3.46095003e-02, 3.83101739e-02, 4.71622311e-02,
       4.39885147e-02, 5.76300472e-02, 5.76613098e-02, 5.51012419e-02,
       4.30810712e-02, 3.75802517e-02, 4.40659709e-02, 5.82653657e-02,
       6.15565702e-02, 9.60516781e-02, 6.01737499e-02, 3.69762033e-02,
       2.44173221e-02, 2.62621287e-02, 3.96973491e-02, 7.16727749e-02,
       1.03901602e-01, 4.10402305e-02, 3.32748331e-02, 2.81492826e-02,
       2.88492776e-02, 4.34640050e-02, 5.66829257e-02, 6.86199963e-02,
       6.05464764e-02, 6.69176579e-02, 5.00519127e-02, 3.66099738e-02,
       3.48779671e-02, 4.15031537e-02, 5.51454201e-02, 6.45379052e-02,
       6.65024593e-02, 8.74273926e-02, 6.48464039e-02, 6.07032552e-02,
       7.32533932e-02, 9.47724357e-02, 8.14188495e-02, 5.29077351e-02,
       4.73564416e-02, 2.26007879e-01, 1.13085724e-01, 3.65640149e-02,
       2.45185234e-02, 2.83309463e-02, 3.24923135e-02, 4.35894206e-02,
       1.06089748e-01, 5.65005876e-02, 2.99082864e-02, 2.85223015e-02,
