%YAML:1.0
Dictionary: !!opencv-matrix
   rows: 40
   cols: 128
   dt: f
   data: [ 2.29999963e-02, 2.14453507e-02, 3.01173795e-02,
       2.58337315e-02, 2.60523949e-02, 2.20234487e-02, 2.27901302e-02,
       1.84006039e-02, 2.01397061e-01, 9.05367211e-02, 2.33827494e-02,
       1.24264359e-02, 1.12768179e-02, 1.04368171e-02, 1.62792113e-02,
       3.81189175e-02, 2.48508200e-01, 9.63403136e-02, 6.91349898e-03,
       6.65491493e-03, 4.02236469e-02, 2.39450280e-02, 1.39371231e-02,
       5.28177433e-02, 4.25314382e-02, 1.72634963e-02, 9.71261412e-03,
       2.08687205e-02, 9.53091383e-02, 4.79673855e-02, 1.66560970e-02,
       1.85172688e-02, 2.05448680e-02, 1.48652205e-02, 1.94337349e-02,
       1.77395418e-02, 2.68514063e-02, 5.10268658e-02, 8.34304318e-02,
       3.47182788e-02, 2.03211799e-01, 6.92671016e-02, 2.08477415e-02,
       1.31422048e-02, 1.32804997e-02, 3.48932222e-02, 7.87366256e-02,
       6.06454946e-02, 2.73603886e-01, 1.28954053e-01, 6.86831027e-03,
       7.81926978e-03, 3.91314812e-02, 1.96936242e-02, 1.31943990e-02,
       5.87317385e-02, 6.46655858e-02, 2.20218152e-02, 1.09407110e-02,
       2.82638911e-02, 1.18851736e-01, 6.04985729e-02, 1.52707268e-02,
       1.65462699e-02, 2.23424137e-02, 1.29095996e-02, 1.39434841e-02,
       7.67941214e-03, 1.62555929e-02, 6.31277934e-02, 1.65004253e-01,
       7.94278532e-02, 7.74128959e-02, 1.42891146e-02, 1.37361344e-02,
       7.97899812e-03, 1.12285456e-02, 6.68154284e-02, 2.08302975e-01,
       1.46625832e-01, 2.48525441e-01, 4.85306308e-02, 1.36526637e-02,
       1.23421261e-02, 2.86584217e-02, 2.13028751e-02, 7.09737837e-02,
       1.65508270e-01, 6.05044849e-02, 2.38842200e-02, 1.78361516e-02,
       3.36754881e-02, 1.05917618e-01, 5.15953079e-02, 1.46904914e-02,
       1.96364075e-02, 3.03433053e-02, 2.32330244e-02, 3.07065956e-02,
       1.53733902e-02, 1.56052755e-02, 3.13796699e-02, 7.54978657e-02,
       4.89912368e-02, 4.84904982e-02, 3.29694636e-02, 4.13939878e-02,
       2.34082770e-02, 2.01010704e-02, 3.05587258e-02, 7.37049207e-02,
       6.13070801e-02, 1.17834412e-01, 5.72172850e-02, 3.08722425e-02,
       1.96288545e-02, 2.65310947e-02, 1.91784855e-02, 2.94613931e-02,
       5.16947880e-02, 4.21477035e-02, 2.62053944e-02, 1.88814439e-02,
       2.57249344e-02, 7.11230785e-02, 3.16512398e-02, 1.31612886e-02,
       1.57285091e-02, 4.02106792e-02, 4.95728590e-02, 4.67900150e-02,
       5.39402068e-02, 7.09728152e-02, 5.51536754e-02, 3.20802368e-02,
       2.86092423e-02, 9.19216722e-02, 8.47874805e-02, 5.67060895e-02,
       4.51808348e-02, 4.20153588e-02, 3.64666432e-02, 3.96647081e-02,
       5.66017218e-02, 5.24974465e-02, 5.47604151e-02, 5.57259768e-02,
       5.08185066e-02, 4.96806875e-02, 5.29884249e-02, 4.71008457e-02,
       4.53650057e-02, 3.78464796e-02, 4.67713028e-02, 5.08643314e-02,
       4.67257537e-02, 4.31920066e-02, 3.92929316e-02, 3.14382464e-02,
       3.11440229e-02, 5.17184362e-02, 4.07454222e-02, 4.44408357e-02,
       8.56349245e-02, 1.40737623e-01, 9.12675187e-02, 3.23321708e-02,
       2.60923952e-02, 2.21910566e-01, 8.95202756e-02, 3.57368104e-02,
       3.73906866e-02, 5.13236783e-02, 4.88100871e-02, 5.13935909e-02,
       1.16431817e-01, 6.59169555e-02, 3.63222361e-02, 4.52019311e-02,
       8.96384567e-02, 1.36872217e-01, 1.21825375e-01, 6.81081712e-02,
       5.01496829e-02, 4.50066030e-02, 6.51276857e-02, 7.92351365e-02,
       7.83782378e-02, 6.48060068e-02, 4.29095253e-02, 2.74991635e-02,
       2.90827751e-02, 5.11332266e-02, 2.71749739e-02, 2.35364456e-02,
       5.48911244e-02, 1.35668859e-01, 1.23283565e-01, 5.65892681e-02,
       4.06956822e-02, 2.08427653e-01, 1.19960256e-01, 6.86057582e-02,
       5.28803244e-02, 6.20540120e-02, 6.08112402e-02, 4.16941568e-02,
       7.42237717e-02, 4.91701886e-02, 5.76213859e-02, 1.06165402e-01,
       1.68944165e-01, 1.40822306e-01, 6.10482916e-02, 2.81980876e-02,
       2.39074491e-02, 4.79779132e-02, 5.08055985e-02, 5.71094938e-02,
       7.10928738e-02, 6.74684271e-02, 5.18069230e-02, 4.86192815e-02,
       4.70591858e-02, 4.06691693e-02, 4.06659395e-02, 3.80903520e-02,
       5.22875451e-02, 7.52103999e-02, 6.34673834e-02, 3.84395048e-02,
       3.57276760e-02, 5.69767356e-02, 5.12038432e-02, 4.83181365e-02,
       5.46431802e-02, 7.28898197e-02, 6.97339848e-02, 5.54205254e-02,
       5.49057759e-02, 4.61779535e-02, 4.09752876e-02, 5.06406389e-02,
       6.03374504e-02, 5.77688068e-02, 6.42248392e-02, 7.10793659e-02,
       5.92846572e-02, 4.04052287e-02, 2.95963194e-02, 2.71717031e-02,
       3.23768482e-02, 4.18344103e-02, 5.78186624e-02, 7.12597594e-02,
       6.01953454e-02, 3.64903361e-02, 3.85549292e-02, 4.43713143e-02,
       5.96551299e-02, 8.88474882e-02, 4.85703945e-02, 1.57830585e-02,
       1.36906411e-02, 1.22216113e-01, 9.15440693e-02, 6.12995364e-02,
       4.11607213e-02, 2.86849532e-02, 1.44431926e-02, 1.94375608e-02,
       4.95231375e-02, 6.17838278e-02, 7.11868629e-02, 7.79141262e-02,
       3.23901996e-02, 1.70055721e-02, 2.25146413e-02, 4.15643491e-02,
       4.41140011e-02, 2.20170487e-02, 4.48928177e-02, 6.56664819e-02,
       2.84594875e-02, 2.05731392e-02, 2.62784828e-02, 3.57951000e-02,
       2.25291457e-02, 4.61219810e-02, 2.03413330e-02, 2.07659472e-02,
       4.79756109e-02, 1.54900357e-01, 1.13431640e-01, 2.84362845e-02,
       2.06768271e-02, 2.22110271e-01, 5.12674972e-02, 2.05310471e-02,
       1.96891595e-02, 4.03309949e-02, 3.25439721e-02, 5.88886142e-02,
       1.59860909e-01, 7.71792009e-02, 3.17819566e-02, 2.67881695e-02,
       1.69618409e-02, 2.55873036e-02, 8.83121416e-02, 1.48412511e-01,
       1.01433828e-01, 2.37984806e-02, 3.34283374e-02, 3.43584418e-02,
       2.05396507e-02, 2.54580379e-02, 6.65777251e-02, 1.03097469e-01,
       4.11291197e-02, 4.56268005e-02, 1.97174698e-02, 1.12405727e-02,
       3.27064544e-02, 1.83819905e-01, 1.29126936e-01, 2.23885216e-02,
       1.57633238e-02, 2.39716142e-01, 1.42059028e-01, 1.46171842e-02,
       1.16450060e-02, 6.45523295e-02, 4.52937447e-02, 1.52576286e-02,
       5.02030402e-02, 1.35055542e-01, 9.39621404e-02, 4.09393869e-02,
       3.32734920e-02, 3.41925770e-02, 5.56297265e-02, 5.48037104e-02,
       3.76310870e-02, 2.29490958e-02, 2.45571639e-02, 3.05624902e-02,
       3.67971435e-02, 4.15045358e-02, 6.45085424e-02, 6.47085831e-02,
       2.73334626e-02, 2.59383656e-02, 2.33793538e-02, 1.69612467e-02,
       3.42080146e-02, 1.55111954e-01, 9.62564647e-02, 1.29588023e-02,
       1.01268934e-02, 1.60200432e-01, 1.30698979e-01, 2.44842917e-02,
       1.62752084e-02, 8.23342875e-02, 6.33932352e-02, 1.22792181e-02,
       2.30486020e-02, 1.19974993e-01, 1.43396646e-01, 6.33219182e-02,
       3.02203577e-02, 1.79678407e-02, 1.47791812e-02, 1.27490656e-02,
       2.02230588e-02, 2.62096319e-02, 4.01803814e-02, 5.21113276e-02,
       4.60431166e-02, 3.23985107e-02, 2.26294063e-02, 1.70786623e-02,
       1.81212910e-02, 5.05236946e-02, 7.59572759e-02, 6.79536387e-02,
       4.79774289e-02, 3.86379920e-02, 3.07560991e-02, 2.52980422e-02,
       2.60103885e-02, 8.94055814e-02, 9.61848274e-02, 6.31187633e-02,
       4.11280878e-02, 3.36613618e-02, 3.42327282e-02, 3.78469080e-02,
       4.53561470e-02, 5.98027967e-02, 5.74922375e-02, 4.94045876e-02,
       4.21737172e-02, 4.44108360e-02, 4.99046482e-02, 4.91123721e-02,
       4.67974134e-02, 4.46814485e-02, 4.20009270e-02, 3.53852734e-02,
       2.99949590e-02, 3.61179672e-02, 4.40663658e-02, 4.10951339e-02,
       3.91630940e-02, 6.35199770e-02, 6.53897747e-02, 6.38152957e-02,
       6.10718317e-02, 6.64732829e-02, 6.89382181e-02, 4.29549292e-02,
       3.22149731e-02, 2.09737882e-01, 1.04751155e-01, 4.23694327e-02,
       2.57459339e-02, 2.38363836e-02, 3.82525548e-02, 5.62730879e-02,
       1.06909700e-01, 9.40505564e-02, 4.30439822e-02, 2.93174572e-02,
       3.72505598e-02, 7.38989338e-02, 1.10741533e-01, 9.04624611e-02,
       7.13576227e-02, 6.08209893e-02, 4.82438505e-02, 3.43720131e-02,
