%YAML:1.0
Dictionary: !!opencv-matrix
   rows: 10
   cols: 128
   dt: f
   data: [ 2.74893548e-002, 2.10671537e-002, 2.60200873e-002,
       2.81275380e-002, 3.06751560e-002, 2.31229700e-002,
       2.00968646e-002, 2.51391437e-002, 1.11834846e-001,
       5.42274341e-002, 3.00773568e-002, 2.27357559e-002,
       2.49624643e-002, 2.29919516e-002, 2.56368164e-002,
       5.66549376e-002, 1.43770799e-001, 5.41772433e-002,
       3.41909453e-002, 3.17910947e-002, 4.49129492e-002,
       4.73506525e-002, 4.85692509e-002, 9.39414799e-002,
       3.20060551e-002, 2.78997663e-002, 4.09480706e-002,
       6.60960227e-002, 1.10277332e-001, 7.57914037e-002,
       3.81072126e-002, 3.10066510e-002, 3.74908485e-002,
       2.04703379e-002, 2.14983802e-002, 2.74730474e-002,
       3.61093357e-002, 2.84456909e-002, 2.23420337e-002,
       3.05110049e-002, 1.61782995e-001, 5.90849742e-002,
       2.79400721e-002, 3.03226039e-002, 3.90468352e-002,
       3.01232003e-002, 2.23927032e-002, 4.92359586e-002,
       2.21176594e-001, 7.84265473e-002, 2.11988743e-002,
       2.87779514e-002, 5.81197403e-002, 5.52149341e-002,
       4.26811129e-002, 8.98022205e-002, 3.81327048e-002,
       1.91439968e-002, 2.34049521e-002, 7.30175674e-002,
       1.78875312e-001, 1.27617761e-001, 4.75055464e-002,
       3.08613200e-002, 3.90768759e-002, 2.09358018e-002,
       1.75522603e-002, 2.30439100e-002, 3.35570723e-002,
       2.80866828e-002, 2.69439872e-002, 3.35247032e-002,
       1.49193481e-001, 3.93369906e-002, 1.60477832e-002,
       2.24740226e-002, 3.84716392e-002, 3.94556634e-002,
       4.17966954e-002, 6.99120685e-002, 2.25015059e-001,
       8.33895579e-002, 2.79782955e-002, 3.49433869e-002,
       5.20457849e-002, 3.20389047e-002, 3.02164201e-002,
       9.19626355e-002, 4.46701720e-002, 2.74629332e-002,
       2.96543539e-002, 8.69096220e-002, 1.83713049e-001,
       1.01252377e-001, 3.37846503e-002, 2.74542440e-002,
       3.07550915e-002, 2.01924369e-002, 1.70424152e-002,
       1.81747954e-002, 2.55434494e-002, 2.39930525e-002,
       2.90501527e-002, 3.41427103e-002, 9.68713313e-002,
       3.82790454e-002, 2.17961278e-002, 1.94286741e-002,
       2.42134295e-002, 2.23667007e-002, 3.65168713e-002,
       7.28643835e-002, 1.49496555e-001, 7.75796026e-002,
       3.46921608e-002, 3.58552001e-002, 4.20370847e-002,
       2.31232196e-002, 3.17807384e-002, 7.43207932e-002,
       3.79190817e-002, 3.20958085e-002, 3.27136554e-002,
       6.74881414e-002, 1.27809197e-001, 5.85955977e-002,
       2.93188263e-002, 2.88869329e-002, 2.39033960e-002,
       2.08131876e-002, 4.77039889e-002, 1.21339887e-001,
       1.39771476e-001, 3.25823426e-002, 1.54127870e-002,
       1.86398979e-002, 1.09061942e-001, 6.40286729e-002,
       6.15582764e-002, 8.36040229e-002, 6.36060759e-002,
       1.76801570e-002, 1.50686242e-002, 3.63914445e-002,
       8.56644958e-002, 4.65751626e-002, 3.82740647e-002,
       4.04486656e-002, 4.02389839e-002, 2.56881639e-002,
       2.67264135e-002, 4.70104925e-002, 4.08061408e-002,
       3.06502338e-002, 2.73892451e-002, 3.18773091e-002,
       3.90992425e-002, 2.84056664e-002, 2.49926914e-002,
       2.99710147e-002, 3.68628800e-002, 2.52663083e-002,
       5.84784746e-002, 1.77255645e-001, 1.80660278e-001,
       2.69748177e-002, 5.89336082e-003, 1.06396917e-002,
       2.19828963e-001, 7.29263872e-002, 4.39703725e-002,
       6.66252896e-002, 5.37780225e-002, 1.45569211e-002,
       1.62778217e-002, 6.69043884e-002, 1.29101709e-001,
       3.99843827e-002, 2.14845501e-002, 3.98905538e-002,
       6.12103753e-002, 4.41984460e-002, 3.96496579e-002,
       5.80638237e-002, 5.41593544e-002, 3.35973874e-002,
       2.56245136e-002, 4.18091603e-002, 5.10296896e-002,
       3.15310061e-002, 2.85950303e-002, 3.82024720e-002,
       6.04608022e-002, 2.29165889e-002, 3.22067253e-002,
       1.31246835e-001, 1.65191770e-001, 3.69116589e-002,
       1.58266798e-002, 2.91117672e-002, 2.34005362e-001,
       7.70420283e-002, 2.04795599e-002, 2.96925604e-002,
       3.81811336e-002, 1.60960834e-002, 1.92373097e-002,
       7.63765648e-002, 1.29126728e-001, 5.35999611e-002,
       3.64048146e-002, 5.43713719e-002, 6.04540259e-002,
       3.12340613e-002, 2.37221569e-002, 4.47340831e-002,
       5.17894067e-002, 3.04091740e-002, 2.91787293e-002,
       5.31942621e-002, 5.57084158e-002, 2.86998823e-002,
       2.57508662e-002, 3.90210450e-002, 6.03269003e-002,
       2.22372264e-002, 1.88953765e-002, 5.68065569e-002,
       1.04605965e-001, 3.74455713e-002, 2.97644977e-002,
       5.02329245e-002, 1.67162135e-001, 5.13986275e-002,
       2.01357845e-002, 1.87352020e-002, 2.60460507e-002,
       1.92145240e-002, 3.12465578e-002, 9.51575935e-002,
       8.63453299e-002, 4.54133600e-002, 3.44842449e-002,
       4.09330726e-002, 3.99410650e-002, 2.39677038e-002,
       2.78072730e-002, 5.14338724e-002, 3.73087414e-002,
       2.47767735e-002, 3.09647024e-002, 5.28900586e-002,
       4.96143773e-002, 2.33075712e-002, 2.18540262e-002,
       3.14579047e-002, 6.70431331e-002, 3.08921468e-002,
       1.97634008e-002, 2.11449210e-002, 2.75885146e-002,
       1.23527488e-002, 9.45429597e-003, 2.17330474e-002,
       2.22593740e-001, 6.42694309e-002, 1.44438650e-002,
       9.69131012e-003, 1.02649098e-002, 7.41874659e-003,
       1.13285789e-002, 6.67963699e-002, 1.98072985e-001,
       4.93762791e-002, 1.28860436e-002, 1.00000314e-002,
       1.50791341e-002, 1.53365703e-002, 2.81456467e-002,
       8.83663073e-002, 5.29839881e-002, 2.16184855e-002,
       1.35903116e-002, 1.36379004e-002, 2.80169845e-002,
       2.95662973e-002, 3.62840891e-002, 4.28908356e-002,
       9.39944908e-002, 3.11510693e-002, 1.72415487e-002,
       2.00867373e-002, 3.31949517e-002, 1.55761363e-002,
       1.00999046e-002, 2.67761294e-002, 2.73885041e-001,
       5.79343848e-002, 1.07939141e-002, 8.49523768e-003,
       1.19398851e-002, 9.01397597e-003, 1.27336299e-002,
       8.51737335e-002, 2.37028077e-001, 5.64447753e-002,
       1.08618373e-002, 1.24352872e-002, 2.05139499e-002,
       1.99101120e-002, 3.29730548e-002, 8.97929892e-002,
       6.96446300e-002, 2.72994544e-002, 1.62359402e-002,
       2.01639682e-002, 3.42437848e-002, 3.16962749e-002,
       3.72136049e-002, 4.31456491e-002, 9.68537927e-002,
       2.99623981e-002, 1.25879794e-002, 1.54141001e-002,
       3.24017629e-002, 1.70609318e-002, 1.27862412e-002,
       3.01615633e-002, 2.74628490e-001, 8.46710205e-002,
       1.01251779e-002, 7.51748169e-003, 1.13203805e-002,
       8.76945257e-003, 1.13423923e-002, 6.03785366e-002,
       2.43359298e-001, 8.70041326e-002, 2.36419421e-002,
       1.64589453e-002, 1.93784293e-002, 1.45217646e-002,
       1.59461275e-002, 6.06217943e-002, 7.12493882e-002,
       3.82147059e-002, 2.85710543e-002, 2.92350966e-002,
       3.36342305e-002, 2.28576902e-002, 2.19825618e-002,
       3.13085504e-002, 7.17564076e-002, 2.38258280e-002,
       1.03399307e-002, 1.11612240e-002, 2.58813668e-002,
       1.79258790e-002, 1.74157768e-002, 3.34363617e-002,
       2.30822548e-001, 7.17850849e-002, 1.15863839e-002,
       6.40228624e-003, 9.00706183e-003, 7.53560616e-003,
       1.26133226e-002, 6.72455207e-002, 2.06737220e-001,
       9.31465700e-002, 2.63764989e-002, 1.34733152e-002,
       1.25118019e-002, 9.53478087e-003, 1.28731299e-002,
       5.07160388e-002, 5.60467876e-002, 4.25390229e-002,
       3.38790789e-002, 2.82473415e-002, 2.59918105e-002,
       1.49388202e-002, 1.48288859e-002, 2.30252352e-002,
       1.98743809e-002, 1.20937331e-002, 1.75839309e-002,
       3.54423746e-002, 7.90224448e-002, 5.49729168e-002,
       4.17829826e-002, 3.48903649e-002, 6.56496510e-002,
       3.06598730e-002, 2.17740424e-002, 3.87849621e-002,
       8.58388543e-002, 5.14381826e-002, 3.88854332e-002,
       4.39611226e-002, 1.59223318e-001, 5.07364646e-002,
