%YAML:1.0
Dictionary: !!opencv-matrix
   rows: 20
   cols: 64
   dt: f
   data: [ -5.32821054e-004, -1.02128519e-003, 3.89931514e-003,
       3.31835402e-003, 3.73908952e-002, -1.19868084e-003,
       5.25787398e-002, 2.70439237e-002, 8.45277682e-003,
       9.52669233e-003, 2.85878144e-002, 2.82824542e-002,
       -6.89934939e-004, 7.72601459e-004, 4.12081694e-003,
       3.98932584e-003, -7.12905684e-003, -2.07729856e-004,
       2.59635653e-002, 1.92854553e-002, 3.62300634e-001,
       4.11374494e-002, 4.30619746e-001, 1.39569223e-001,
       1.17315063e-002, 1.72629878e-002, 1.45980179e-001,
       1.45801559e-001, -1.07135549e-002, -5.14240842e-003,
       3.09847649e-002, 2.97437161e-002, -4.41562897e-003,
       4.85939067e-003, 2.57607196e-002, 2.32715495e-002,
       2.20293775e-001, -7.50519782e-002, 3.26165527e-001,
       2.31757149e-001, -6.87840860e-003, -2.33980000e-001,
       2.11055458e-001, 3.82422805e-001, -7.14697468e-004,
       -1.83080733e-002, 3.15629654e-002, 4.43737321e-002,
       -8.85947156e-005, 6.99289900e-004, 3.87661345e-003,
       3.71938176e-003, 9.28127673e-003, 2.44440115e-003,
       3.46474759e-002, 2.95986868e-002, 2.26044166e-003,
       2.11476884e-003, 3.15845646e-002, 3.34845074e-002,
       6.20223815e-004, -1.09231900e-004, 4.20563668e-003,
       4.76768659e-003, -7.65197037e-004, -6.74917013e-004,
       5.42608229e-003, 4.30026231e-003, 1.56429000e-002,
       -5.98689402e-003, 4.85777892e-002, 3.23266461e-002,
       2.34228428e-002, 3.97859374e-003, 4.79811393e-002,
       2.99609546e-002, -6.75500196e-004, 1.03149086e-003,
       5.42817637e-003, 4.18346561e-003, -5.91538381e-003,
       3.52950161e-003, 3.90189067e-002, 3.11607476e-002,
       4.26313020e-002, -1.20564038e-002, 3.40122610e-001,
       2.11153328e-001, 2.67345697e-001, -3.07351798e-002,
       3.68624330e-001, 1.49675265e-001, -1.00436974e-002,
       1.31180172e-003, 3.86552028e-002, 2.43453588e-002,
       3.85816582e-003, 9.01052635e-003, 4.15336229e-002,
       3.42532285e-002, -2.62853485e-002, 1.06841043e-001,
       3.54162216e-001, 2.54825920e-001, 2.43128166e-001,
       2.59475298e-002, 3.60525966e-001, 1.59066230e-001,
       -8.37664306e-003, -4.48122667e-003, 3.87610532e-002,
       2.46772803e-002, 7.14422611e-004, 2.69703422e-004,
       5.73159428e-003, 4.75300290e-003, 4.43142978e-003,
       2.82629935e-005, 4.67473492e-002, 3.36241946e-002,
       1.44850509e-002, -2.31148978e-003, 4.55240272e-002,
       2.97228880e-002, -3.68040201e-004, -7.98331981e-004,
       5.41455112e-003, 4.12070518e-003, -8.97042977e-004,
       -6.81767473e-004, 3.36436089e-003, 3.14845517e-003,
       3.69549845e-003, -8.41532368e-003, 2.22261380e-002,
       2.14413237e-002, 4.09710109e-002, 2.53413292e-003,
       5.64022213e-002, 3.07687949e-002, 1.66775189e-005,
       1.57497067e-003, 5.15059568e-003, 4.89428034e-003,
       -7.04888999e-003, 4.42746765e-004, 2.22237688e-002,
       1.96026526e-002, -5.69256535e-003, -1.62065532e-002,
       1.10996626e-001, 1.00111149e-001, 4.18919742e-001,
       -1.47287073e-002, 4.97596622e-001, 1.83487102e-001,
       -1.09670842e-002, 6.14599441e-004, 3.61182354e-002,
       3.16100046e-002, -4.89940168e-003, 5.27860736e-003,
       2.30206903e-002, 2.45758183e-002, 2.21068244e-002,
       8.75200480e-002, 1.53453976e-001, 1.86289757e-001,
       2.95294672e-001, -5.10939583e-003, 4.00755972e-001,
       2.38770634e-001, -4.09116270e-003, -1.33956848e-002,
       3.53081375e-002, 3.58695164e-002, -4.00900055e-004,
       6.96748495e-004, 3.60208075e-003, 3.75525258e-003,
       4.83432645e-003, 5.30327857e-003, 2.76604686e-002,
       2.66150590e-002, 1.87797807e-002, -1.07270957e-003,
       4.03972156e-002, 3.07980720e-002, 9.22884326e-004,
       -1.04182248e-003, 4.95901890e-003, 4.82292194e-003,
       -4.42646968e-004, -4.68720536e-004, 6.01857621e-003,
       4.89012850e-003, 1.61654167e-002, -4.64330567e-003,
       5.43321408e-002, 3.63867059e-002, 1.76480077e-002,
       7.23106042e-003, 4.08795960e-002, 3.57823260e-002,
       -4.43207362e-004, 9.97527968e-004, 4.76705609e-003,
       4.76726983e-003, -1.01569481e-002, -3.09445662e-003,
       4.46638465e-002, 3.43984812e-002, 2.20901474e-001,
       2.93333102e-002, 4.60071653e-001, 2.31566831e-001,
       9.89116430e-002, 3.56528275e-002, 2.05419987e-001,
       1.82574421e-001, -5.98612847e-003, -3.16209771e-004,
       3.13024335e-002, 2.80087721e-002, -1.29155302e-002,
       2.18528160e-003, 4.54954244e-002, 3.53200808e-002,
       2.45235190e-001, -2.51599848e-002, 4.51588422e-001,
       2.33036444e-001, 5.40780462e-002, -6.06254116e-002,
       1.86182588e-001, 1.83642134e-001, -2.60986574e-003,
       -6.20602677e-003, 3.16301510e-002, 2.84630079e-002,
       -5.95456280e-004, 6.42689934e-004, 6.04413124e-003,
       5.08333649e-003, 1.63152777e-002, 4.49167797e-003,
       5.08470945e-002, 3.68071049e-002, 9.56408493e-003,
       -6.10334752e-003, 3.64987627e-002, 3.58139351e-002,
       -2.70249002e-005, -8.33753264e-004, 4.66302037e-003,
       4.72661667e-003, -8.18136148e-004, -5.33216516e-004,
       3.07356683e-003, 2.52038683e-003, 5.35330968e-003,
       -5.27641363e-003, 2.17791703e-002, 1.78792365e-002,
       1.43468175e-002, 2.32848711e-003, 6.07982874e-002,
       2.69581918e-002, -4.30850254e-004, -3.26996262e-004,
       5.26411273e-003, 3.56158684e-003, -6.51162351e-003,
       -1.42353342e-003, 1.96781438e-002, 1.33139435e-002,
       2.40270011e-002, -1.88335292e-002, 1.01069890e-001,
       7.40919411e-002, 1.64312378e-001, -4.73116199e-003,
       5.71368277e-001, 1.91515535e-001, -2.29886011e-003,
       -5.93513732e-006, 3.72670293e-002, 2.50522457e-002,
       -6.76046684e-003, 1.14794553e-003, 1.97274107e-002,
       1.35988854e-002, 1.88246332e-002, 1.35691091e-002,
       9.97641161e-002, 7.37506822e-002, 1.91716045e-001,
       1.86738186e-002, 6.02019012e-001, 1.90578640e-001,
       -5.60300006e-003, 3.41825769e-003, 3.91206369e-002,
       2.55392529e-002, -8.57830339e-004, 4.87008918e-004,
       3.06572253e-003, 2.48341379e-003, 4.74780053e-003,
       4.87412373e-003, 2.09329575e-002, 1.75866392e-002,
       1.96712613e-002, -3.83800548e-003, 6.51815161e-002,
       2.85076536e-002, -8.72081961e-004, 2.48081109e-004,
       5.64551447e-003, 3.81639553e-003, 1.27691455e-004,
       -9.37221630e-004, 4.84139379e-003, 4.61430103e-003,
       1.39847994e-002, -1.04841311e-003, 4.05009948e-002,
       3.47630456e-002, -1.03143288e-003, 3.39943613e-003,
       3.68986130e-002, 3.64778824e-002, -7.63567732e-005,
       -4.45093901e-005, 5.23478910e-003, 5.16585028e-003,
       -3.93103203e-003, -4.04845970e-003, 3.21087539e-002,
       3.01520564e-002, 2.29375958e-001, 3.10930908e-002,
       3.39806944e-001, 2.34713554e-001, -9.05834734e-002,
       5.73499985e-002, 2.73832738e-001, 2.69930720e-001,
       1.19034015e-003, -2.28970039e-005, 3.86549234e-002,
       3.78495380e-002, -3.13112652e-003, 5.62840188e-003,
       3.24998982e-002, 3.08865067e-002, 2.01967105e-001,
       -3.79640609e-002, 3.35040212e-001, 2.55714923e-001,
       -6.37811944e-002, -6.64766207e-002, 3.13139796e-001,
       3.12702209e-001, 6.38038618e-004, 2.33419007e-003,
       3.95836830e-002, 4.01174240e-002, 9.71901027e-005,
       7.85700744e-004, 4.91255615e-003, 4.81032068e-003,
       1.03040338e-002, 1.56857003e-003, 4.02812548e-002,
       3.69850583e-002, 2.80754361e-003, -3.44197801e-003,
       4.19160463e-002, 4.02129814e-002, -1.20064433e-004,
       -8.37054395e-005, 5.47039462e-003, 5.44610433e-003,
       -4.96233115e-004, -1.36776245e-004, 5.20645874e-003,
       3.87799251e-003, 2.01843474e-002, 3.12556280e-003,
       4.78661284e-002, 2.89218165e-002, -4.66350093e-003,
       7.21255830e-003, 4.76402789e-002, 3.03193852e-002,
