%YAML:1.0
Dictionary: !!opencv-matrix
   rows: 10
   cols: 128
   dt: f
   data: [ 2.72981282e-02, 1.99952815e-02, 1.23476004e-02,
       3.11967898e-02, 1.43400401e-01, 1.06534354e-01, 2.91158073e-02,
       1.63862258e-02, 1.14491507e-01, 5.35689741e-02, 1.62557140e-02,
       2.73516010e-02, 1.10904008e-01, 8.38126615e-02, 2.13251188e-02,
       2.63246819e-02, 1.92487761e-01, 7.36840069e-02, 1.24082267e-02,
       1.03916936e-02, 2.27989480e-02, 2.09672470e-02, 1.86649710e-02,
       5.15793562e-02, 7.22398013e-02, 2.97905877e-02, 1.25071211e-02,
       1.26748262e-02, 3.10818888e-02, 3.05219516e-02, 2.15803180e-02,
       2.80890986e-02, 4.06488590e-02, 4.74796593e-02, 3.26387957e-02,
       4.48587500e-02, 1.45528659e-01, 1.06002033e-01, 2.52772421e-02,
       1.78030487e-02, 1.22185290e-01, 3.64157222e-02, 1.91323180e-02,
       5.08530624e-02, 1.71394885e-01, 1.23822004e-01, 2.21746732e-02,
       2.75180433e-02, 2.38824785e-01, 7.45802596e-02, 9.51672718e-03,
       1.32683944e-02, 3.24053057e-02, 2.71458738e-02, 1.85826998e-02,
       6.03128672e-02, 9.27450433e-02, 2.99189892e-02, 1.15074040e-02,
       1.70621928e-02, 4.29332629e-02, 4.09684815e-02, 2.52193082e-02,
       3.12906504e-02, 3.61649990e-02, 5.94601333e-02, 5.75149730e-02,
       5.60802855e-02, 1.12967201e-01, 8.38425085e-02, 2.38912608e-02,
       1.45767350e-02, 9.82423797e-02, 4.15832214e-02, 3.67201306e-02,
       6.16313480e-02, 1.28476143e-01, 1.07964069e-01, 4.87916656e-02,
       4.19049710e-02, 2.29191542e-01, 6.88979924e-02, 1.98058411e-02,
       1.61023401e-02, 2.81455591e-02, 3.05601396e-02, 3.14694196e-02,
       8.49013701e-02, 9.06568095e-02, 4.38046642e-02, 2.63708215e-02,
       2.73511540e-02, 4.15444933e-02, 2.83647049e-02, 1.40091320e-02,
       2.39854250e-02, 2.36428324e-02, 3.02087795e-02, 2.92425230e-02,
       3.18592824e-02, 7.98149407e-02, 9.09646079e-02, 4.42794301e-02,
       1.85998715e-02, 6.09461702e-02, 4.03575711e-02, 2.86477711e-02,
       2.82007549e-02, 5.35526797e-02, 7.88463429e-02, 6.01134896e-02,
       4.48223241e-02, 1.27617851e-01, 6.51068538e-02, 2.46822722e-02,
       1.45206545e-02, 2.29880530e-02, 3.15451659e-02, 3.53332162e-02,
       5.65109551e-02, 7.11898953e-02, 4.54620495e-02, 2.45470945e-02,
       1.79907996e-02, 2.54735742e-02, 1.86508410e-02, 1.65204033e-02,
       2.48658974e-02, 3.83151993e-02, 4.01981547e-02, 4.17620987e-02,
       5.30355200e-02, 6.31323084e-02, 4.06097360e-02, 3.78044583e-02,
       3.83272842e-02, 9.77869034e-02, 6.83982372e-02, 4.58728373e-02,
       3.95994820e-02, 3.96613665e-02, 3.42992954e-02, 4.95675988e-02,
       7.76201859e-02, 6.29353672e-02, 4.38162759e-02, 4.13475186e-02,
       4.04232666e-02, 4.50659283e-02, 5.36112636e-02, 6.71748444e-02,
       7.10199848e-02, 4.24555093e-02, 3.33001278e-02, 3.43151540e-02,
       3.63704264e-02, 4.06736098e-02, 4.78255823e-02, 5.38043231e-02,
       4.84579280e-02, 5.43643683e-02, 4.18021604e-02, 5.29225618e-02,
       9.01267827e-02, 1.02442250e-01, 5.44600151e-02, 3.18237357e-02,
       3.31041366e-02, 2.16445342e-01, 8.27973410e-02, 3.79304439e-02,
       3.85265984e-02, 3.73891033e-02, 3.17418091e-02, 5.17549701e-02,
       1.27611950e-01, 8.64177421e-02, 3.82223688e-02, 3.71024981e-02,
       5.88493720e-02, 8.84019434e-02, 1.00176498e-01, 9.01291966e-02,
       7.90999532e-02, 5.56371994e-02, 4.66540270e-02, 4.64693904e-02,
       4.99809422e-02, 5.26220314e-02, 5.63487299e-02, 5.86575009e-02,
       5.57749942e-02, 5.48496880e-02, 2.93441750e-02, 3.53592485e-02,
       7.36097246e-02, 1.00774303e-01, 7.49142095e-02, 5.80958165e-02,
       4.78626192e-02, 2.21411034e-01, 1.23101182e-01, 4.64330725e-02,
       3.51265185e-02, 3.34769450e-02, 2.91195214e-02, 4.27186377e-02,
       9.78763998e-02, 8.83619040e-02, 7.18171522e-02, 8.29482600e-02,
       9.82027799e-02, 8.90980586e-02, 6.17066137e-02, 4.24918234e-02,
       4.56872173e-02, 5.75066246e-02, 5.01674004e-02, 5.43322973e-02,
       5.34764268e-02, 4.98917513e-02, 5.00099920e-02, 5.33139743e-02,
       5.76481111e-02, 4.10413779e-02, 2.56788060e-02, 2.47286875e-02,
       3.54756340e-02, 5.63539043e-02, 6.11845143e-02, 7.31734559e-02,
       6.46380931e-02, 1.02291487e-01, 5.45310825e-02, 3.27189341e-02,
       2.80763879e-02, 3.49577777e-02, 4.57833372e-02, 7.33075440e-02,
       1.03934407e-01, 6.00987747e-02, 5.12541942e-02, 5.09936586e-02,
       4.87583429e-02, 5.08435331e-02, 5.10643236e-02, 5.81715815e-02,
       6.06170036e-02, 4.24194895e-02, 3.89878377e-02, 4.51084562e-02,
       4.36276682e-02, 3.93392444e-02, 3.93925533e-02, 4.61488962e-02,
       4.61864732e-02, 4.87074032e-02, 1.65376812e-02, 1.08569181e-02,
       2.68825479e-02, 8.61239210e-02, 3.11994217e-02, 1.67645160e-02,
       2.33483929e-02, 7.45157823e-02, 2.01823693e-02, 1.09928325e-02,
       5.02113253e-02, 1.90541059e-01, 5.11509851e-02, 1.24698961e-02,
       2.02606451e-02, 2.32784286e-01, 4.65057045e-02, 9.03205853e-03,
       1.65910311e-02, 4.49587293e-02, 1.62455998e-02, 1.49591137e-02,
       7.02381060e-02, 7.62917548e-02, 1.92510877e-02, 9.24290065e-03,
       1.72614027e-02, 5.58108725e-02, 2.72884145e-02, 2.01659650e-02,
       3.32846008e-02, 6.19283095e-02, 2.22566947e-02, 1.34974755e-02,
       3.41927111e-02, 1.04816750e-01, 3.28548998e-02, 1.68322287e-02,
       2.71520671e-02, 1.02147736e-01, 2.26841122e-02, 1.38704889e-02,
       7.85646662e-02, 2.40621760e-01, 5.64943925e-02, 8.62898491e-03,
       1.67812984e-02, 2.71884680e-01, 6.38142154e-02, 9.72145516e-03,
       2.08305344e-02, 5.46750762e-02, 1.54829184e-02, 9.57154296e-03,
       5.68329766e-02, 9.40886512e-02, 2.18072645e-02, 1.06184781e-02,
       2.62026805e-02, 7.60544091e-02, 3.33505645e-02, 1.87929980e-02,
       2.87719462e-02, 6.15378842e-02, 2.34466549e-02, 1.44848041e-02,
       3.78991589e-02, 1.08577922e-01, 3.11722122e-02, 1.37690445e-02,
       2.49156021e-02, 1.04990259e-01, 1.60290990e-02, 7.96131324e-03,
       6.20788634e-02, 2.43098199e-01, 7.31867328e-02, 1.15088569e-02,
       2.23493837e-02, 2.72160739e-01, 5.58532029e-02, 9.25899949e-03,
       1.62705537e-02, 5.56310117e-02, 1.95235237e-02, 8.01105425e-03,
       6.25490472e-02, 9.42958966e-02, 2.89793853e-02, 1.80678181e-02,
       3.41373459e-02, 7.69122690e-02, 2.47800034e-02, 1.04295993e-02,
       2.15090532e-02, 4.75611240e-02, 2.22487822e-02, 1.64727531e-02,
       3.79939005e-02, 9.34619457e-02, 2.36320496e-02, 9.09479707e-03,
       1.55396992e-02, 8.09492320e-02, 1.98536851e-02, 1.21833971e-02,
       5.62587082e-02, 1.94595769e-01, 4.52623442e-02, 8.89400207e-03,
       2.11048145e-02, 2.37815470e-01, 6.63556680e-02, 1.33781629e-02,
       1.62758678e-02, 4.56047989e-02, 1.55167738e-02, 7.71150785e-03,
       4.87161465e-02, 7.65493214e-02, 3.12098656e-02, 1.80062987e-02,
       2.65627168e-02, 5.75001352e-02, 1.69542097e-02, 9.61587299e-03,
       2.05289237e-02, 1.04033031e-01, 3.90852839e-02, 1.67222638e-02,
       2.64737215e-02, 9.07150209e-02, 2.17101630e-02, 5.67996409e-03,
       1.61590148e-02, 2.73789704e-01, 8.35620984e-02, 1.30319996e-02,
       1.00482926e-02, 2.25314908e-02, 5.67445951e-03, 4.88529541e-03,
       4.46160883e-02, 1.66438639e-01, 4.44491841e-02, 1.38363745e-02,
       1.11861676e-02, 1.70806553e-02, 1.20916395e-02, 1.28180664e-02,
       3.83712910e-02, 4.05136459e-02, 1.78262647e-02, 1.18780481e-02,
       1.31850559e-02, 2.71806214e-02, 1.78300776e-02, 1.35468515e-02,
       1.66711658e-02, 1.28347695e-01, 2.99121924e-02, 1.23355957e-02,
       3.10691223e-02, 1.12828732e-01, 2.91375015e-02, 7.34099001e-03,
       2.12303456e-02, 2.98013866e-01, 6.19817488e-02, 9.44137014e-03,
       1.10092536e-02, 2.99972817e-02, 8.44897982e-03, 6.27810974e-03,
       6.41513988e-02, 2.11749151e-01, 4.24095280e-02, 1.44291446e-02,
       1.66065935e-02, 2.46600527e-02, 1.89344026e-02, 1.82303227e-02,
       4.70433794e-02, 5.29539436e-02, 2.34806314e-02, 1.54891321e-02,
