%YAML:1.0
Dictionary: !!opencv-matrix
   rows: 30
   cols: 128
   dt: f
   data: [ 2.54498236e-02, 2.28133649e-02, 2.96765380e-02,
       2.68232673e-02, 2.89911274e-02, 2.22525783e-02, 2.23347172e-02,
       1.91398989e-02, 1.97816968e-01, 8.99093747e-02, 2.35033333e-02,
       1.29414089e-02, 1.16984546e-02, 1.04787601e-02, 1.63316112e-02,
       3.85286584e-02, 2.40195543e-01, 9.27126482e-02, 7.76647031e-03,
       7.05020549e-03, 4.34388183e-02, 2.78309509e-02, 1.56858601e-02,
       5.29186130e-02, 3.96533050e-02, 1.71020404e-02, 1.03887003e-02,
       2.08253451e-02, 9.73734260e-02, 5.14951944e-02, 1.78939234e-02,
       1.87435336e-02, 2.35977098e-02, 1.59858931e-02, 2.22612303e-02,
       2.00104974e-02, 2.96781678e-02, 4.78868708e-02, 7.48148113e-02,
       3.71428877e-02, 2.01379120e-01, 7.17228800e-02, 2.35804953e-02,
       1.41215045e-02, 1.40114408e-02, 3.38215828e-02, 7.06536174e-02,
       5.94007522e-02, 2.72012502e-01, 1.27596825e-01, 7.26329722e-03,
       7.89727923e-03, 4.27697562e-02, 2.26515308e-02, 1.33041032e-02,
       5.83508201e-02, 6.12151809e-02, 2.07607858e-02, 1.06475390e-02,
       2.77807452e-02, 1.25737205e-01, 6.66914135e-02, 1.60086378e-02,
       1.71835124e-02, 2.58910023e-02, 1.38588361e-02, 1.49390437e-02,
       9.30995401e-03, 1.83511898e-02, 5.81606701e-02, 1.46314681e-01,
       7.85555243e-02, 8.71662796e-02, 1.55037101e-02, 1.40807321e-02,
       8.41070712e-03, 1.16670672e-02, 6.24708720e-02, 1.88444018e-01,
       1.43200666e-01, 2.49706715e-01, 4.86010872e-02, 1.26397861e-02,
       1.22316601e-02, 3.28055061e-02, 2.11703051e-02, 6.35333657e-02,
       1.60309076e-01, 5.92526644e-02, 2.33383626e-02, 1.65561624e-02,
       3.43089849e-02, 1.17878437e-01, 5.50181717e-02, 1.35962293e-02,
       1.88706350e-02, 3.15280892e-02, 2.25135889e-02, 2.82414388e-02,
       1.54452613e-02, 1.64980460e-02, 3.02571300e-02, 7.19704926e-02,
       5.15052751e-02, 5.67543134e-02, 3.33299711e-02, 3.82654928e-02,
       2.25996803e-02, 1.89970043e-02, 2.78037041e-02, 6.95515797e-02,
       6.56424016e-02, 1.29470289e-01, 5.82593232e-02, 2.86446065e-02,
       1.97182409e-02, 2.90540513e-02, 1.76653937e-02, 2.68535186e-02,
       5.38389497e-02, 4.20978591e-02, 2.58178636e-02, 1.80364884e-02,
       2.76264660e-02, 8.53829458e-02, 3.39111276e-02, 1.19198095e-02,
       1.48300007e-02, 3.69493775e-02, 4.65169325e-02, 4.82563488e-02,
       5.77535741e-02, 7.11289868e-02, 5.11880144e-02, 3.07077542e-02,
       2.78040525e-02, 9.71468464e-02, 8.25679526e-02, 5.57119623e-02,
       4.60252799e-02, 4.14170846e-02, 3.33258212e-02, 3.84805873e-02,
       6.21539094e-02, 6.03630953e-02, 5.30414395e-02, 5.11537269e-02,
       4.86587696e-02, 4.68261950e-02, 4.88727465e-02, 4.91384901e-02,
       5.51514439e-02, 3.50632183e-02, 4.23284546e-02, 4.81191427e-02,
       4.85931188e-02, 4.48515005e-02, 4.01507691e-02, 3.36444676e-02,
       3.22103351e-02, 5.05007841e-02, 3.82083692e-02, 4.39263880e-02,
       8.94948468e-02, 1.38973325e-01, 8.55709985e-02, 3.13214734e-02,
       2.61000004e-02, 2.24282667e-01, 8.75482708e-02, 3.45851183e-02,
       3.81875895e-02, 4.92323861e-02, 4.27958295e-02, 4.84755896e-02,
       1.23267055e-01, 7.25603402e-02, 3.70953605e-02, 4.74584103e-02,
       9.53346789e-02, 1.30277246e-01, 1.07106723e-01, 6.52059540e-02,
       5.71581647e-02, 4.31268774e-02, 6.16863407e-02, 7.85655826e-02,
       8.30425248e-02, 6.51380643e-02, 4.07697186e-02, 2.66720615e-02,
       2.95866393e-02, 4.87920120e-02, 2.61945445e-02, 2.45293714e-02,
       5.96995987e-02, 1.32322371e-01, 1.17189839e-01, 5.59304804e-02,
       3.98510695e-02, 2.10040689e-01, 1.28293529e-01, 7.39520490e-02,
       5.24516888e-02, 5.69444038e-02, 5.57182655e-02, 4.05116603e-02,
       7.25469142e-02, 5.04297949e-02, 6.39910400e-02, 1.17384650e-01,
       1.70652464e-01, 1.29533902e-01, 5.38505688e-02, 2.61574443e-02,
       2.39446070e-02, 4.76501212e-02, 5.20803966e-02, 6.23940974e-02,
       7.59021565e-02, 6.40815645e-02, 4.70404588e-02, 4.45027091e-02,
       4.60223667e-02, 3.77644636e-02, 3.78157124e-02, 3.73120680e-02,
       5.11872768e-02, 7.11105168e-02, 6.24573901e-02, 4.12713662e-02,
       3.67589742e-02, 5.25128022e-02, 4.98986132e-02, 4.95103672e-02,
       5.45893423e-02, 6.94135725e-02, 6.87321797e-02, 5.70004061e-02,
       5.46565242e-02, 4.67468239e-02, 4.43679020e-02, 5.54683767e-02,
       6.10227212e-02, 5.44659160e-02, 6.00465946e-02, 6.56143725e-02,
       5.69167100e-02, 4.00170349e-02, 3.24774794e-02, 3.23104970e-02,
       3.77086923e-02, 4.15724888e-02, 5.20691015e-02, 6.35843873e-02,
       5.61561584e-02, 3.28826047e-02, 3.70057710e-02, 4.35618944e-02,
       6.13890626e-02, 8.41737315e-02, 4.51727808e-02, 1.63541790e-02,
       1.43656414e-02, 1.14016525e-01, 8.52051973e-02, 5.79750612e-02,
       4.45383638e-02, 3.06931064e-02, 1.55150127e-02, 2.20811628e-02,
       5.57282493e-02, 6.89550042e-02, 6.70716092e-02, 6.51945248e-02,
       2.94400137e-02, 1.63297839e-02, 2.23569199e-02, 4.75284383e-02,
       5.98258972e-02, 2.49837749e-02, 4.06473055e-02, 5.40047176e-02,
       2.70419810e-02, 2.17823368e-02, 2.92727351e-02, 4.38252538e-02,
       3.16227674e-02, 4.51125763e-02, 2.04889886e-02, 2.28803791e-02,
       5.66907749e-02, 1.47795543e-01, 1.00832701e-01, 2.67507415e-02,
       2.11156867e-02, 2.23625526e-01, 5.28164357e-02, 2.02411544e-02,
       2.24931203e-02, 3.91614698e-02, 2.92689428e-02, 5.93995117e-02,
       1.67142510e-01, 8.50873813e-02, 3.29925120e-02, 2.60405540e-02,
       2.04811655e-02, 2.76654866e-02, 7.95294344e-02, 1.40776783e-01,
       1.14789695e-01, 2.79156342e-02, 3.39982770e-02, 3.41500081e-02,
       2.57149637e-02, 2.95248460e-02, 6.24400489e-02, 9.46638510e-02,
       4.69922870e-02, 4.52774353e-02, 2.07396615e-02, 1.45698078e-02,
       4.18656096e-02, 1.68222442e-01, 1.16386935e-01, 2.33766008e-02,
       1.66239236e-02, 2.38687024e-01, 1.53532758e-01, 2.13674959e-02,
       1.39515391e-02, 5.54932244e-02, 4.07722741e-02, 1.67414546e-02,
       5.34122661e-02, 1.31011739e-01, 1.07348084e-01, 5.64634465e-02,
       4.10920642e-02, 3.55191790e-02, 5.04315905e-02, 4.94326279e-02,
       3.84822600e-02, 2.72233393e-02, 3.08243912e-02, 4.06940691e-02,
       4.78730537e-02, 4.44867983e-02, 5.79162873e-02, 5.72761260e-02,
       2.90550329e-02, 2.48731747e-02, 2.38409974e-02, 1.92970857e-02,
       3.62888835e-02, 1.31770536e-01, 8.84971544e-02, 1.80996582e-02,
       1.26590654e-02, 1.45186171e-01, 1.27630904e-01, 2.87196562e-02,
       1.82733051e-02, 6.85583428e-02, 6.02351204e-02, 1.85953826e-02,
       2.80991402e-02, 1.12500213e-01, 1.45560175e-01, 7.21143931e-02,
       3.31087410e-02, 1.82722174e-02, 1.63464919e-02, 1.50124244e-02,
       2.25351788e-02, 2.74298619e-02, 4.56528924e-02, 6.06224984e-02,
       5.33813834e-02, 3.41678746e-02, 2.28879675e-02, 1.80632118e-02,
       1.93191320e-02, 4.90128808e-02, 7.49306604e-02, 7.01371282e-02,
       4.98742312e-02, 3.95549797e-02, 2.99694128e-02, 2.44944040e-02,
       2.53181569e-02, 9.08630341e-02, 9.75517556e-02, 6.48557395e-02,
       4.13649306e-02, 3.26769054e-02, 3.20506282e-02, 3.64804044e-02,
       4.54970710e-02, 6.25717640e-02, 5.70288561e-02, 4.70346361e-02,
       3.98359746e-02, 4.18608114e-02, 4.72899638e-02, 4.90012169e-02,
       4.99084778e-02, 4.28496413e-02, 3.93611453e-02, 3.34247611e-02,
       2.92801019e-02, 3.51142138e-02, 4.30488698e-02, 4.17128950e-02,
       4.01097387e-02, 6.30948395e-02, 6.37420341e-02, 6.50506318e-02,
       6.43836781e-02, 6.80026710e-02, 6.59247190e-02, 4.17294055e-02,
       3.33324075e-02, 2.10117176e-01, 1.05852172e-01, 4.37510461e-02,
       2.69978326e-02, 2.38051135e-02, 3.57960612e-02, 5.47890030e-02,
       1.08397737e-01, 1.01652339e-01, 4.59912606e-02, 2.94834077e-02,
       3.74669656e-02, 6.91816658e-02, 1.01251125e-01, 8.69816467e-02,
       7.45241344e-02, 5.86593151e-02, 4.62096334e-02, 3.37634981e-02,
