%YAML:1.0
Dictionary: !!opencv-matrix
   rows: 25
   cols: 128
   dt: f
   data: [ 2.69164070e-02, 2.35555507e-02, 2.96670720e-02,
       2.67794207e-02, 2.86532678e-02, 2.20965184e-02, 2.23048702e-02,
       2.00083107e-02, 1.97037265e-01, 9.06818584e-02, 2.36603618e-02,
       1.28574688e-02, 1.16381301e-02, 1.04996022e-02, 1.63668729e-02,
       3.96699607e-02, 2.37723365e-01, 9.25262049e-02, 8.12419504e-03,
       7.32443947e-03, 4.31402437e-02, 2.78533436e-02, 1.58470534e-02,
       5.42741381e-02, 3.98996919e-02, 1.72898863e-02, 1.05978623e-02,
       2.10890714e-02, 9.58671123e-02, 5.10715134e-02, 1.81553308e-02,
       1.97724979e-02, 2.49657147e-02, 1.67445783e-02, 2.26524007e-02,
       2.01905686e-02, 2.95682158e-02, 4.75381128e-02, 7.39856064e-02,
       3.78821902e-02, 2.00164691e-01, 7.36123919e-02, 2.50013527e-02,
       1.45345498e-02, 1.38996057e-02, 3.33364420e-02, 6.95559829e-02,
       5.96176162e-02, 2.71137387e-01, 1.28850937e-01, 8.04536231e-03,
       8.05712491e-03, 4.22133207e-02, 2.23538280e-02, 1.32799167e-02,
       5.89342415e-02, 6.14455380e-02, 2.11108439e-02, 1.09052053e-02,
       2.80555282e-02, 1.24161929e-01, 6.58719316e-02, 1.62796360e-02,
       1.77319050e-02, 2.61003338e-02, 1.38176419e-02, 1.48370834e-02,
       9.38384142e-03, 1.84113458e-02, 5.81614859e-02, 1.46176249e-01,
       7.99499452e-02, 8.71498287e-02, 1.56582799e-02, 1.41914934e-02,
       8.53229780e-03, 1.17499186e-02, 6.21280707e-02, 1.88135415e-01,
       1.44822598e-01, 2.48716831e-01, 4.92263064e-02, 1.29693924e-02,
       1.25369700e-02, 3.25757302e-02, 2.09863670e-02, 6.32151365e-02,
       1.60621911e-01, 5.95468991e-02, 2.38753092e-02, 1.69916227e-02,
       3.49814035e-02, 1.16291501e-01, 5.40535152e-02, 1.35296145e-02,
       1.89863350e-02, 3.16748954e-02, 2.24965084e-02, 2.79621202e-02,
       1.53174056e-02, 1.64974704e-02, 3.03440299e-02, 7.30630234e-02,
       5.34126572e-02, 5.59649915e-02, 3.29016931e-02, 3.80021222e-02,
       2.29404904e-02, 1.92690473e-02, 2.79154871e-02, 7.05982074e-02,
       6.77098632e-02, 1.27253383e-01, 5.78932278e-02, 2.90431269e-02,
       2.03707088e-02, 2.91486420e-02, 1.77413132e-02, 2.70890445e-02,
       5.42732663e-02, 4.20793444e-02, 2.61684079e-02, 1.83593296e-02,
       2.81261541e-02, 8.39346275e-02, 3.33444886e-02, 1.19167427e-02,
       1.51069993e-02, 4.00509834e-02, 4.68707494e-02, 5.05986288e-02,
       5.74224666e-02, 6.50095716e-02, 4.69700769e-02, 3.28763835e-02,
       3.35959643e-02, 8.89796317e-02, 7.74917454e-02, 5.88449463e-02,
       5.26240841e-02, 4.64039147e-02, 3.57313491e-02, 3.98048759e-02,
       6.07647002e-02, 5.64823933e-02, 5.18359654e-02, 5.28689474e-02,
       5.50177544e-02, 5.37860431e-02, 5.21962084e-02, 4.91704643e-02,
       5.22043593e-02, 3.87107208e-02, 4.50680852e-02, 4.86651175e-02,
       4.77058999e-02, 4.29144688e-02, 3.97765413e-02, 3.53084952e-02,
       3.53691094e-02, 5.25546260e-02, 4.40818854e-02, 5.65969013e-02,
       9.57911760e-02, 1.25655115e-01, 7.45916814e-02, 2.98778713e-02,
       2.72484701e-02, 2.21859172e-01, 9.02152061e-02, 4.17216010e-02,
       4.26198505e-02, 4.82142791e-02, 4.31956388e-02, 5.03587686e-02,
       1.20814666e-01, 6.97842166e-02, 3.55244428e-02, 4.46557514e-02,
       9.04535353e-02, 1.30448982e-01, 1.15570366e-01, 7.24597573e-02,
       5.88243827e-02, 4.69441898e-02, 6.02348335e-02, 7.32500404e-02,
       7.67606348e-02, 6.22728467e-02, 4.40585054e-02, 3.34956497e-02,
       3.62415463e-02, 5.37052713e-02, 2.78143361e-02, 2.73187328e-02,
       6.17584027e-02, 1.23515181e-01, 1.09912142e-01, 5.68025075e-02,
       4.45025675e-02, 2.12180629e-01, 1.26673430e-01, 7.19417036e-02,
       5.29406518e-02, 5.30171879e-02, 5.00020646e-02, 3.94888967e-02,
       7.91220814e-02, 5.13824485e-02, 6.28561750e-02, 1.15286499e-01,
       1.71016335e-01, 1.29740983e-01, 5.53064644e-02, 2.63279919e-02,
       2.45576929e-02, 4.93873581e-02, 5.36969826e-02, 6.54899999e-02,
       7.84167647e-02, 6.30887225e-02, 4.54313718e-02, 4.29325551e-02,
       4.56972048e-02, 4.11398634e-02, 3.74250077e-02, 3.63686942e-02,
       4.91305552e-02, 6.72362596e-02, 6.05939254e-02, 4.30412665e-02,
       4.15142179e-02, 5.82514293e-02, 5.09617478e-02, 4.98131253e-02,
       5.52504510e-02, 6.60811365e-02, 6.23013005e-02, 5.41217923e-02,
       6.04126863e-02, 4.53204885e-02, 4.34532240e-02, 5.65084629e-02,
       6.66444525e-02, 5.98232709e-02, 5.96690178e-02, 6.13196157e-02,
       5.44186644e-02, 4.10147086e-02, 3.41757126e-02, 3.48703004e-02,
       4.16470915e-02, 4.28086780e-02, 4.97406349e-02, 5.97071946e-02,
       5.46588637e-02, 3.35935876e-02, 3.71098332e-02, 4.63914797e-02,
       6.24198243e-02, 8.02606866e-02, 4.31440398e-02, 1.73239801e-02,
       1.63533017e-02, 1.08702153e-01, 8.24807733e-02, 6.13950975e-02,
       4.87134494e-02, 3.23182531e-02, 1.68252122e-02, 2.31659524e-02,
       5.45504764e-02, 6.63576946e-02, 6.63841367e-02, 6.79500327e-02,
       3.37194242e-02, 1.87294036e-02, 2.38566734e-02, 4.81394716e-02,
       5.83431870e-02, 2.59098448e-02, 4.16298807e-02, 5.58312647e-02,
       2.87557561e-02, 2.18883976e-02, 2.91294958e-02, 4.47030328e-02,
       3.28915641e-02, 4.55128066e-02, 2.28687599e-02, 2.96489242e-02,
       6.16505034e-02, 1.41067564e-01, 9.53813270e-02, 2.62378324e-02,
       2.13630497e-02, 2.21371472e-01, 5.47626950e-02, 2.47357432e-02,
       2.57673319e-02, 3.82220708e-02, 2.93734856e-02, 6.08820170e-02,
       1.64254993e-01, 8.32571983e-02, 3.28357108e-02, 2.66198013e-02,
       2.11995393e-02, 2.90375892e-02, 8.23638067e-02, 1.43928677e-01,
       1.14527293e-01, 2.83384882e-02, 3.33632082e-02, 3.39521430e-02,
       2.59760693e-02, 2.96937320e-02, 6.27795085e-02, 9.80518758e-02,
       5.04302643e-02, 4.66967076e-02, 2.15344466e-02, 1.63342021e-02,
       4.39112410e-02, 1.62121534e-01, 1.14029065e-01, 2.42664907e-02,
       1.81094557e-02, 2.37322539e-01, 1.52148724e-01, 2.29488518e-02,
       1.48945181e-02, 5.26141077e-02, 3.92753072e-02, 1.72900129e-02,
       5.61105795e-02, 1.28274247e-01, 1.06143296e-01, 5.95655739e-02,
       4.43455912e-02, 3.69429402e-02, 5.02037406e-02, 4.90871370e-02,
       3.88110019e-02, 2.75976732e-02, 3.20428275e-02, 4.40245830e-02,
       5.16403355e-02, 4.53029722e-02, 5.62074967e-02, 5.60375638e-02,
       2.94939261e-02, 2.60053780e-02, 2.41664257e-02, 1.94595736e-02,
       3.62252370e-02, 1.27222791e-01, 8.75351578e-02, 1.96246989e-02,
       1.46102933e-02, 1.43436968e-01, 1.24936223e-01, 2.99898703e-02,
       1.90945957e-02, 6.54608533e-02, 5.77918477e-02, 1.94445327e-02,
       3.15216780e-02, 1.07958518e-01, 1.40806153e-01, 7.38562569e-02,
       3.69116329e-02, 2.04626191e-02, 1.71216987e-02, 1.52281411e-02,
       2.29339283e-02, 2.79094260e-02, 4.60620373e-02, 6.19542152e-02,
       5.61069809e-02, 3.50081362e-02, 2.27066670e-02, 1.80792529e-02,
       1.96912363e-02, 5.08425497e-02, 6.95580915e-02, 6.96149766e-02,
       5.12029715e-02, 3.75732072e-02, 2.83452161e-02, 2.69506201e-02,
       3.23929973e-02, 8.46863240e-02, 8.80926624e-02, 6.66822642e-02,
       4.94136177e-02, 3.84516828e-02, 3.38974856e-02, 3.81576978e-02,
       4.81496155e-02, 5.81107102e-02, 5.37964106e-02, 4.94995043e-02,
       4.80111763e-02, 4.92269397e-02, 4.97769155e-02, 5.01165390e-02,
       5.00296950e-02, 4.54077199e-02, 4.08876948e-02, 3.53396237e-02,
       3.08567286e-02, 3.45972367e-02, 4.14736941e-02, 4.36212309e-02,
       4.46053334e-02, 6.41191602e-02, 6.67391196e-02, 7.85455033e-02,
       7.45475739e-02, 6.27348870e-02, 5.57084158e-02, 3.72392870e-02,
       3.37868854e-02, 2.09743872e-01, 1.06857724e-01, 5.19130193e-02,
       3.26611437e-02, 2.49082949e-02, 3.59418169e-02, 5.60182892e-02,
       1.08404636e-01, 9.49844867e-02, 4.28138785e-02, 2.91738678e-02,
       3.86522375e-02, 7.31265545e-02, 1.07565671e-01, 9.54136103e-02,
       7.72278607e-02, 5.95872588e-02, 4.42068838e-02, 3.29082236e-02,
