%YAML:1.0
Dictionary: !!opencv-matrix
   rows: 20
   cols: 128
   dt: f
   data: [ 3.20642889e-002, 2.21478101e-002, 2.06468757e-002,
       3.99006791e-002, 8.60188082e-002, 5.90880252e-002,
       2.91635115e-002, 2.51893383e-002, 5.91551438e-002,
       3.67797539e-002, 3.02237608e-002, 5.74080013e-002,
       1.18046694e-001, 6.06887266e-002, 2.73909122e-002,
       2.98031010e-002, 1.64780304e-001, 6.06864989e-002,
       2.30620503e-002, 2.14886889e-002, 3.12545598e-002,
       2.80298181e-002, 3.66387367e-002, 8.86876658e-002,
       6.04382008e-002, 2.89536938e-002, 1.81578342e-002,
       2.33377200e-002, 4.87926677e-002, 4.88635376e-002,
       4.32851985e-002, 4.97147962e-002, 4.33829241e-002,
       3.01241614e-002, 2.28545275e-002, 4.49948125e-002,
       1.03359789e-001, 7.09388778e-002, 3.23506705e-002,
       3.14549170e-002, 8.17238986e-002, 3.77352647e-002,
       3.08974311e-002, 8.55764225e-002, 1.92437366e-001,
       9.69970599e-002, 2.20733676e-002, 2.14361399e-002,
       2.52313912e-001, 9.97791141e-002, 2.21271422e-002,
       2.28911117e-002, 3.45451906e-002, 2.42829472e-002,
       2.42643263e-002, 8.63427743e-002, 7.89224282e-002,
       3.20278890e-002, 2.29319558e-002, 4.21858095e-002,
       7.83959776e-002, 6.43360317e-002, 4.13247757e-002,
       4.29471582e-002, 4.87831160e-002, 3.68746668e-002,
       2.74008811e-002, 4.32257913e-002, 8.92386362e-002,
       5.84461764e-002, 3.02065387e-002, 3.41188237e-002,
       6.62405118e-002, 1.73175354e-002, 1.35019282e-002,
       5.13637103e-002, 1.83395952e-001, 1.37555137e-001,
       5.45710176e-002, 4.42198031e-002, 2.45491788e-001,
       8.00904483e-002, 2.25577448e-002, 2.05518994e-002,
       3.69814113e-002, 3.61732543e-002, 3.62175629e-002,
       1.03101343e-001, 7.45684877e-002, 4.98851463e-002,
       4.51886766e-002, 5.98537177e-002, 7.83519149e-002,
       4.27756160e-002, 1.94644276e-002, 2.58897431e-002,
       3.96609902e-002, 3.47775593e-002, 2.97609866e-002,
       3.74342613e-002, 6.17372468e-002, 4.00260538e-002,
       2.47021187e-002, 2.65777688e-002, 4.60842475e-002,
       2.98113544e-002, 2.71803644e-002, 4.81846035e-002,
       1.07400566e-001, 6.89226314e-002, 3.75107825e-002,
       3.54961976e-002, 1.30549878e-001, 6.85377121e-002,
       3.17836255e-002, 2.90641375e-002, 4.10748720e-002,
       3.45420279e-002, 3.13214399e-002, 5.70674092e-002,
       5.32199107e-002, 4.72471677e-002, 3.80309932e-002,
       4.04198729e-002, 5.05270027e-002, 2.85222977e-002,
       2.09107548e-002, 2.65578106e-002, 1.54991686e-001,
       5.29501922e-002, 1.45661151e-002, 1.53178936e-002,
       2.23745089e-002, 1.03383493e-002, 7.75239291e-003,
       3.83173004e-002, 1.81037426e-001, 4.84341197e-002,
       1.50722554e-002, 1.96994655e-002, 3.52746882e-002,
       1.70614067e-002, 1.19387638e-002, 4.89157476e-002,
       1.26773268e-001, 4.31666337e-002, 1.59828495e-002,
       2.54064556e-002, 5.53905219e-002, 2.23938599e-002,
       1.45263290e-002, 3.67556475e-002, 9.97736156e-002,
       3.61186601e-002, 1.15587767e-002, 1.57929622e-002,
       3.19206603e-002, 2.05521584e-002, 1.46097057e-002,
       3.37091163e-002, 1.95734173e-001, 7.84494430e-002,
       1.68727655e-002, 1.64463669e-002, 2.58747377e-002,
       1.17974328e-002, 6.46568974e-003, 3.72794271e-002,
       2.21041292e-001, 5.14898039e-002, 1.80372335e-002,
       3.18239629e-002, 5.35732582e-002, 2.14811061e-002,
       8.96097347e-003, 4.89996262e-002, 1.72167450e-001,
       4.48165685e-002, 1.60363056e-002, 3.75990793e-002,
       8.57431591e-002, 3.18837799e-002, 1.22571867e-002,
       3.83068584e-002, 1.37783706e-001, 4.58186567e-002,
       1.25898840e-002, 2.08586585e-002, 3.71796712e-002,
       1.95562635e-002, 1.32768657e-002, 4.27535325e-002,
       2.06361994e-001, 8.48916546e-002, 1.24328909e-002,
       1.30280843e-002, 2.47536004e-002, 1.24645662e-002,
       7.05568260e-003, 3.65462862e-002, 2.32273966e-001,
       6.68616369e-002, 1.36051774e-002, 2.49668807e-002,
       5.18500619e-002, 2.60596555e-002, 1.23490496e-002,
       4.21269797e-002, 1.70625687e-001, 4.19438891e-002,
       1.78542789e-002, 4.53565791e-002, 8.97412598e-002,
       2.88011059e-002, 1.16220163e-002, 4.10630442e-002,
       1.45470858e-001, 5.04442677e-002, 1.51141742e-002,
       2.37608515e-002, 3.79453190e-002, 1.62483305e-002,
       1.00415945e-002, 4.20424640e-002, 1.74849004e-001,
       7.33086467e-002, 1.01601416e-002, 9.00599547e-003,
       2.09408086e-002, 1.33664440e-002, 7.85558950e-003,
       3.11550871e-002, 2.09734693e-001, 8.03937241e-002,
       1.70274042e-002, 1.86170842e-002, 3.38081606e-002,
       1.40955085e-002, 8.09768774e-003, 3.71397473e-002,
       1.32237896e-001, 4.90158349e-002, 2.07192525e-002,
       3.12987715e-002, 6.70065358e-002, 2.49553882e-002,
       1.12438891e-002, 3.34058627e-002, 1.15004562e-001,
       4.60431315e-002, 1.92489773e-002, 2.40957774e-002,
       3.30984443e-002, 1.27863307e-002, 8.34068563e-003,
       3.34840454e-002, 8.10958073e-002, 1.58528611e-001,
       6.82507232e-002, 1.75898802e-002, 1.38635570e-002,
       1.08761359e-002, 7.48162065e-003, 1.51169254e-002,
       1.25178888e-001, 1.83646366e-001, 6.52884915e-002,
       1.88614186e-002, 1.36037013e-002, 1.27888620e-002,
       1.30645083e-002, 2.67770160e-002, 1.00328788e-001,
       7.75063559e-002, 3.51509005e-002, 2.16598697e-002,
       1.85205489e-002, 2.05796286e-002, 2.50399113e-002,
       5.28785475e-002, 5.17710932e-002, 2.83079725e-002,
       1.81166306e-002, 1.69476960e-002, 1.97556783e-002,
       2.40621008e-002, 2.64370982e-002, 4.33829278e-002,
       9.04496908e-002, 1.13909632e-001, 4.62470651e-002,
       2.03670207e-002, 2.97778323e-002, 3.63335162e-002,
       2.17801854e-002, 2.52750274e-002, 2.20581815e-001,
       1.84325665e-001, 4.95290123e-002, 1.40692024e-002,
       9.01806075e-003, 9.61849466e-003, 1.32244593e-002,
       5.92798330e-002, 1.99223444e-001, 9.63222086e-002,
       2.45516095e-002, 1.51224574e-002, 1.44974459e-002,
       1.92549229e-002, 3.22568417e-002, 8.28624442e-002,
       6.86395019e-002, 3.19237784e-002, 1.95096042e-002,
       2.38486901e-002, 2.48865243e-002, 2.65828818e-002,
       3.10180224e-002, 4.93974015e-002, 7.76295811e-002,
       3.30649912e-002, 1.32972365e-002, 1.48407677e-002,
       3.77324186e-002, 6.67530224e-002, 5.99548146e-002,
       6.39354065e-002, 2.33569741e-001, 7.11453333e-002,
       1.48530388e-002, 8.25032499e-003, 9.75964312e-003,
       1.92514900e-002, 3.89087237e-002, 1.37032315e-001,
       2.08540678e-001, 7.03707859e-002, 2.72757802e-002,
       1.86839644e-002, 1.44718289e-002, 1.53056709e-002,
       2.35583875e-002, 1.01595111e-001, 6.32589608e-002,
       4.04280908e-002, 3.10454443e-002, 3.16630714e-002,
       2.64138225e-002, 2.20869333e-002, 2.31345296e-002,
       3.79556268e-002, 5.37831523e-002, 1.99123360e-002,
       1.06215179e-002, 1.18305208e-002, 2.90804710e-002,
       5.76345287e-002, 6.72910810e-002, 7.30900615e-002,
       1.60082489e-001, 4.38774265e-002, 1.17105357e-002,
       7.88581837e-003, 1.16186133e-002, 2.70334110e-002,
       5.53778857e-002, 1.36930600e-001, 1.24771096e-001,
       6.09759316e-002, 2.84101069e-002, 1.97356772e-002,
       1.57359522e-002, 1.73589308e-002, 3.02877817e-002,
       7.86464214e-002, 4.14797515e-002, 3.92298028e-002,
       3.29590775e-002, 2.95135807e-002, 2.29924340e-002,
       1.73762739e-002, 2.02635974e-002, 2.86149662e-002,
       4.32796776e-002, 2.27645636e-002, 1.91960391e-002,
       2.24649683e-002, 2.37143729e-002, 2.04781182e-002,
       3.08959074e-002, 4.64109816e-002, 1.28409311e-001,
       3.26654837e-002, 1.47439148e-002, 1.23344390e-002,
       1.23686995e-002, 1.71307214e-002, 4.95283492e-002,
       1.31133169e-001, 1.18877910e-001, 2.73811594e-002,
