%YAML:1.0
Dictionary: !!opencv-matrix
   rows: 15
   cols: 128
   dt: f
   data: [ 2.33466420e-02, 2.99950056e-02, 6.70228973e-02,
       8.05412009e-02, 3.44223604e-02, 1.48049453e-02, 1.55241778e-02,
       1.96818952e-02, 5.79853021e-02, 4.42360528e-02, 6.31787851e-02,
       6.92978352e-02, 3.30694765e-02, 1.99210532e-02, 3.60155776e-02,
       6.58206642e-02, 9.20477509e-02, 5.34741208e-02, 4.06609885e-02,
       3.70290689e-02, 2.95213778e-02, 3.11691072e-02, 4.57929261e-02,
       7.90423602e-02, 7.87510276e-02, 4.50959653e-02, 2.77751721e-02,
       2.74475012e-02, 2.81561837e-02, 2.33261269e-02, 2.76890043e-02,
       4.64224741e-02, 5.74847125e-02, 3.45061831e-02, 6.06981069e-02,
       7.55194649e-02, 4.29365076e-02, 2.15377156e-02, 1.77774224e-02,
       2.89404821e-02, 2.19976857e-01, 4.77601178e-02, 2.96239574e-02,
       3.33596319e-02, 2.41180453e-02, 3.38848419e-02, 7.30370283e-02,
       1.65875524e-01, 1.08165726e-01, 3.55894305e-02, 2.06666645e-02,
       4.58093397e-02, 1.13834009e-01, 1.21950731e-01, 9.31298286e-02,
       9.38555077e-02, 1.14083715e-01, 5.77906929e-02, 2.78900620e-02,
       3.01579610e-02, 4.82331589e-02, 3.65120657e-02, 2.48067975e-02,
       5.14524169e-02, 7.93706104e-02, 2.87786983e-02, 2.05558781e-02,
       3.65448892e-02, 4.72718365e-02, 3.63332815e-02, 2.95354463e-02,
       3.48309241e-02, 2.38560259e-01, 1.19912021e-01, 3.77658866e-02,
       2.92622894e-02, 3.06415521e-02, 2.03372352e-02, 2.02252772e-02,
       6.36565164e-02, 1.21062681e-01, 6.40240461e-02, 5.38527891e-02,
       1.01387821e-01, 1.53647974e-01, 6.91577420e-02, 1.99896358e-02,
       3.14545743e-02, 1.25029892e-01, 5.73645458e-02, 2.28952896e-02,
       3.13684046e-02, 5.89009039e-02, 3.53660993e-02, 2.27657463e-02,
       4.88269515e-02, 5.31335548e-02, 2.42147632e-02, 1.25511140e-02,
       1.76519826e-02, 3.67084332e-02, 3.33256349e-02, 2.97341589e-02,
       3.39633897e-02, 1.49115697e-01, 8.17364007e-02, 2.78414097e-02,
       2.28589475e-02, 3.11046280e-02, 2.52282545e-02, 2.46860459e-02,
       4.42958437e-02, 1.03568375e-01, 5.97297512e-02, 3.76949608e-02,
       5.40116429e-02, 8.79480690e-02, 3.63010429e-02, 1.95101481e-02,
       3.37887108e-02, 1.01383716e-01, 4.31217402e-02, 2.13102810e-02,
       2.47722119e-02, 4.40103747e-02, 2.57921517e-02, 1.89943165e-02,
       4.05613407e-02, 3.19520161e-02, 3.10588498e-02, 2.52700765e-02,
       3.71377394e-02, 8.75758454e-02, 7.31560141e-02, 2.99668256e-02,
       2.14446038e-02, 1.00566052e-01, 7.57316127e-02, 3.59735712e-02,
       3.70162651e-02, 8.49268660e-02, 6.42252862e-02, 2.99208891e-02,
       3.30619216e-02, 1.30058080e-01, 8.03444982e-02, 2.99637429e-02,
       2.31026784e-02, 5.03718182e-02, 5.54524101e-02, 3.65911089e-02,
       4.55008745e-02, 3.82346958e-02, 3.98514569e-02, 2.57599764e-02,
       2.58348957e-02, 6.59305304e-02, 6.54363185e-02, 2.99131814e-02,
       1.90250091e-02, 4.38915119e-02, 3.43047045e-02, 2.64049545e-02,
       4.29490171e-02, 1.02917820e-01, 9.29274336e-02, 3.91287841e-02,
       2.51843669e-02, 1.43890589e-01, 5.44306785e-02, 2.50576530e-02,
       3.90082374e-02, 1.22606300e-01, 1.15036443e-01, 4.69825976e-02,
       5.37998825e-02, 1.89757735e-01, 7.38056153e-02, 1.75426695e-02,
       2.13151146e-02, 6.88853487e-02, 8.42008069e-02, 4.96787429e-02,
       6.79089352e-02, 5.40992506e-02, 3.82331535e-02, 2.07610857e-02,
       2.90388223e-02, 9.94237736e-02, 9.74561572e-02, 3.70890275e-02,
       2.38077771e-02, 5.09600677e-02, 3.97469401e-02, 2.37754043e-02,
       3.17861475e-02, 8.17494541e-02, 8.14932510e-02, 4.00003679e-02,
       2.79184338e-02, 1.19514294e-01, 5.13605587e-02, 2.05637701e-02,
       2.65754480e-02, 9.50118974e-02, 1.32189408e-01, 7.83001184e-02,
       6.08228110e-02, 1.83278963e-01, 6.42104894e-02, 2.84428652e-02,
       3.18249911e-02, 6.80809766e-02, 7.37482756e-02, 5.44645935e-02,
       9.16855782e-02, 4.95181158e-02, 3.81335691e-02, 2.71115955e-02,
       4.01329435e-02, 1.06608562e-01, 8.62837285e-02, 2.81111263e-02,
       2.17186883e-02, 3.80379967e-02, 3.67421806e-02, 2.13428624e-02,
       2.30360832e-02, 5.43221571e-02, 5.50451353e-02, 2.73742713e-02,
       2.05162913e-02, 6.74224272e-02, 5.73509634e-02, 2.87619624e-02,
       2.73280255e-02, 5.74169420e-02, 6.34520501e-02, 3.81730348e-02,
       3.36609595e-02, 8.12709630e-02, 7.12845922e-02, 3.71827520e-02,
       3.01582851e-02, 4.81205583e-02, 4.36553508e-02, 3.01888064e-02,
       3.66207063e-02, 3.53695974e-02, 3.74084339e-02, 2.91522797e-02,
       3.39393616e-02, 6.93826452e-02, 4.97456454e-02, 2.25446429e-02,
       1.97350401e-02, 7.21522868e-02, 2.36658696e-02, 1.11402571e-02,
       4.15188372e-02, 1.22578785e-01, 3.19740102e-02, 9.09944344e-03,
       2.05883514e-02, 2.41409659e-01, 5.49053550e-02, 1.00385752e-02,
       2.06234697e-02, 3.66751365e-02, 9.00376309e-03, 1.17931915e-02,
       8.91001821e-02, 1.32355347e-01, 3.48048657e-02, 1.75352283e-02,
       1.99776851e-02, 2.77046002e-02, 2.19520498e-02, 2.87204850e-02,
       7.29656667e-02, 2.26329509e-02, 2.05137003e-02, 1.85927488e-02,
       2.52680294e-02, 3.31446677e-02, 2.81649120e-02, 2.40225121e-02,
       2.08465811e-02, 9.83300060e-02, 2.29851790e-02, 1.32796941e-02,
       4.87864912e-02, 1.51213467e-01, 3.82388160e-02, 9.69560072e-03,
       2.21858863e-02, 2.78611988e-01, 5.37862219e-02, 9.41024441e-03,
       1.58668272e-02, 4.27799150e-02, 1.23472912e-02, 1.55238537e-02,
       1.05694599e-01, 1.50114521e-01, 3.60958017e-02, 3.12035270e-02,
       4.51252200e-02, 4.97519076e-02, 4.21961658e-02, 4.15545851e-02,
       6.55577555e-02, 2.64443625e-02, 2.88395062e-02, 3.41634974e-02,
       3.98243628e-02, 3.77654657e-02, 2.96606682e-02, 2.52297577e-02,
       2.23208889e-02, 9.18500796e-02, 2.33353022e-02, 1.28717413e-02,
       4.58166376e-02, 1.46320149e-01, 4.31052260e-02, 1.61637496e-02,
       2.45883893e-02, 2.71635562e-01, 1.32676870e-01, 3.36293727e-02,
       1.75514184e-02, 3.93764563e-02, 1.34798856e-02, 1.16592394e-02,
       4.99926843e-02, 1.23356625e-01, 9.28630233e-02, 8.05436969e-02,
       6.22243173e-02, 4.46363091e-02, 2.72505954e-02, 2.01989040e-02,
       2.72676274e-02, 2.87364665e-02, 3.65872383e-02, 4.65953238e-02,
       3.73135619e-02, 3.13978307e-02, 2.69946773e-02, 2.47789081e-02,
       2.54703239e-02, 6.61825091e-02, 1.81692354e-02, 9.58688278e-03,
       3.25668044e-02, 1.10898308e-01, 4.26228344e-02, 2.16557570e-02,
       3.21864001e-02, 1.98172376e-01, 7.66790807e-02, 1.68871302e-02,
       1.14289783e-02, 3.33581045e-02, 2.58240234e-02, 2.44149044e-02,
       6.92106113e-02, 9.79535952e-02, 7.26136491e-02, 3.94803360e-02,
       2.42231246e-02, 2.52118837e-02, 2.08762325e-02, 2.73685642e-02,
       4.05269228e-02, 2.70089768e-02, 3.21918651e-02, 3.42408828e-02,
       2.60872990e-02, 2.36271769e-02, 1.93697512e-02, 2.22451854e-02,
       2.36099344e-02, 3.57523374e-02, 4.25104275e-02, 4.56049740e-02,
       3.85591462e-02, 3.11843622e-02, 3.21212374e-02, 3.05703375e-02,
       2.92548984e-02, 7.63951242e-02, 6.82193190e-02, 6.12200536e-02,
       4.92471419e-02, 3.77680510e-02, 3.39030139e-02, 3.44624668e-02,
       4.18116823e-02, 1.09216630e-01, 6.54861704e-02, 4.38766219e-02,
       3.63701805e-02, 2.82138418e-02, 2.72273570e-02, 4.32538204e-02,
       7.72327781e-02, 5.33537418e-02, 2.73067337e-02, 2.11615264e-02,
       1.83989871e-02, 1.87264159e-02, 2.62156855e-02, 4.96508963e-02,
       6.96286410e-02, 3.62507328e-02, 4.06862870e-02, 5.24996817e-02,
       5.08942120e-02, 4.69467454e-02, 5.77660203e-02, 6.12792037e-02,
       3.85148786e-02, 9.96250212e-02, 8.44243839e-02, 1.01335436e-01,
       1.02801234e-01, 7.77601749e-02, 6.39116094e-02, 5.12872785e-02,
       4.15911078e-02, 2.39648208e-01, 1.27315283e-01, 5.73592149e-02,
       3.52115855e-02, 1.89904962e-02, 1.86527632e-02, 3.36286314e-02,
       1.07363492e-01, 8.83779526e-02, 3.06466613e-02, 2.04242375e-02,
